5 0.30194 0.49504504504504504 0.1948 0.2673573573573574
5 0.6188400000000001 0.21615615615615616 0.16858 0.20009009009009007
5 0.72712 0.6727927927927928 0.2185 0.35258258258258257
5 0.36592 0.8483483483483484 0.21608000000000002 0.3033033033033033
5 0.16898 0.7884384384384385 0.1889 0.3136036036036036
5 0.05178 0.6006906906906907 0.10354000000000001 0.2884384384384384
5 0.43222000000000005 0.26471471471471475 0.22204 0.2071171171171171
5 0.47256 0.6362162162162163 0.16269999999999998 0.2493993993993994
5 0.8257599999999999 0.44645645645645643 0.14912 0.22027027027027024
5 0.8839400000000001 0.12405405405405406 0.23212 0.24807807807807808
5 0.88374 0.6903003003003003 0.17174 0.2774774774774775
5 0.73212 0.9159159159159159 0.23516 0.16816816816816818
5 0.17832 0.5235735735735736 0.12758 0.23432432432432432
5 0.07104 0.3978978978978979 0.13964 0.2132132132132132