5 0.6731874999999999 0.9202164502164502 0.157375 0.1596103896103896
5 0.8045937500000001 0.9288744588744589 0.12437499999999999 0.14229437229437228
5 0.1973125 0.9375324675324676 0.07646875 0.12497835497835498
5 0.28146875 0.8282251082251082 0.08140625 0.08878787878787879
5 0.22334375 0.5958441558441557 0.09103125 0.12848484848484848
5 0.12903125 0.9312987012987013 0.0731875 0.0951948051948052
5 0.15421875000000002 0.833116883116883 0.08609375 0.0835930735930736
5 0.20753125 0.7846320346320347 0.0760625 0.07896103896103895
5 0.67215625 0.45380952380952383 0.05946875 0.07528138528138528
5 0.6652812499999999 0.38740259740259736 0.0665625 0.06943722943722944
5 0.73984375 0.49653679653679655 0.074 0.09147186147186147
5 0.7267187500000001 0.42636363636363633 0.0769375 0.08389610389610389