5 0.3893125 0.46041666666666664 0.08259375 0.18587499999999998
5 0.46709375 0.42083333333333334 0.0819375 0.13166666666666668
5 0.33496875 0.37120833333333336 0.061406249999999996 0.09079166666666666
5 0.413375 0.302875 0.07446875 0.12075
5 0.49240625 0.297875 0.07628125 0.11074999999999999
5 0.5505 0.44583333333333336 0.08 0.14833333333333334
5 0.23374999999999999 0.360375 0.10896874999999999 0.119125
5 0.2184375 0.177 0.05959375 0.08566666666666665
5 0.184375 0.12570833333333334 0.04775 0.07479166666666666
5 0.12940625 0.061125 0.06278125 0.10391666666666667
5 0.25340625 0.10320833333333333 0.07956250000000001 0.11312499999999999
5 0.45428125 0.11779166666666667 0.0625625 0.08395833333333333
5 0.50084375 0.04779166666666667 0.04940625 0.07725
5 0.538 0.12991666666666665 0.05500000000000001 0.09979166666666667
5 0.5914375 0.17158333333333334 0.04309375 0.08316666666666667
5 0.5758125 0.03154166666666667 0.07434375 0.06304166666666668
5 0.64734375 0.13949999999999999 0.06118749999999999 0.09395833333333334
5 0.66703125 0.222 0.0568125 0.10904166666666668