5 0.28965625 0.5113679245283018 0.17703125 0.25669811320754715
5 0.6654375 0.8067452830188679 0.18487499999999998 0.26254716981132076
5 0.62734375 0.5925 0.17115625 0.23033018867924526
5 0.47271875 0.45849056603773586 0.10565625000000001 0.1887264150943396
5 0.5458125 0.4537735849056604 0.16434375 0.16037735849056603
5 0.6370312499999999 0.39103773584905666 0.12178125 0.2330188679245283
5 0.7548125 0.5009905660377358 0.12609375 0.21702830188679245
5 0.8791249999999999 0.4920283018867925 0.11225 0.265188679245283
5 0.84634375 0.31834905660377355 0.12790625 0.14429245283018868
5 0.324 0.3660377358490566 0.13325 0.15466981132075472
5 0.511125 0.28108490566037736 0.11374999999999999 0.1357547169811321