5 0.47338 0.5466366366366366 0.26286000000000004 0.4188588588588588
5 0.5157999999999999 0.16897897897897898 0.13913999999999999 0.2984684684684685
5 0.39682 0.16531531531531532 0.1669 0.2954654654654655
5 0.29398 0.35585585585585583 0.23548 0.3161861861861862
5 0.8561799999999999 0.7764264264264265 0.2056 0.3679279279279279
5 0.7888999999999999 0.4137837837837838 0.22818 0.3376876876876877
5 0.6275 0.22498498498498498 0.13968 0.2860660660660661
5 0.29256 0.7841141141141141 0.1355 0.2632432432432432
5 0.1333 0.3642042042042042 0.14554 0.19987987987987987
5 0.23414 0.1874174174174174 0.11295999999999999 0.240990990990991
5 0.07587999999999999 0.530960960960961 0.1507 0.3231531531531531