5 0.57378125 0.896875 0.10690625000000001 0.18320833333333333
5 0.74153125 0.9377083333333334 0.1265625 0.12454166666666668
5 0.03571875 0.7309166666666667 0.043937500000000004 0.048666666666666664
5 0.0386875 0.7954166666666667 0.04325 0.063625
5 0.07321875 0.8077083333333334 0.03996875 0.053125
5 0.06434375 0.7515416666666667 0.0419375 0.04604166666666667
5 0.1064375 0.7243333333333334 0.03403125 0.06183333333333333
5 0.12468749999999999 0.672125 0.03434375 0.05391666666666666
5 0.14703125 0.7385833333333333 0.039625 0.050875000000000004
5 0.050031250000000006 0.8963333333333333 0.03634375 0.05491666666666666
5 0.0345625 0.867125 0.038343749999999996 0.036041666666666666
5 0.13209375 0.8346666666666667 0.032718750000000005 0.041291666666666664
5 0.208875 0.367875 0.04484375 0.05504166666666667
5 0.22515625 0.40275 0.0280625 0.04145833333333333
5 0.26184375000000004 0.4029583333333333 0.038906249999999996 0.05504166666666667
5 0.28503124999999996 0.45408333333333334 0.029375000000000002 0.047625
5 0.19834374999999999 0.5630833333333333 0.03696875 0.050749999999999997
5 0.34765625 0.8294166666666667 0.059281249999999994 0.083375
5 0.38384375 0.7752083333333334 0.039531250000000004 0.058333333333333334
5 0.4170625 0.784 0.04675 0.07591666666666666