5 0.23157232704402517 0.4644583333333333 0.12308176100628931 0.08158333333333333
5 0.07358490566037736 0.49033333333333334 0.10509433962264152 0.054375
5 0.062327044025157236 0.5824583333333333 0.12226415094339624 0.08070833333333334
5 0.0991194968553459 0.6675416666666667 0.1759748427672956 0.093
5 0.1689937106918239 0.6072500000000001 0.08396226415094339 0.05570833333333333
5 0.17761006289308176 0.556375 0.14088050314465408 0.059208333333333335
5 0.26628930817610064 0.5769583333333334 0.10654088050314466 0.074125
5 0.28685534591194967 0.6315833333333334 0.13433962264150942 0.07366666666666667
5 0.10238993710691825 0.43554166666666666 0.1428301886792453 0.058791666666666666
5 0.3116981132075472 0.4708333333333333 0.11119496855345912 0.07237500000000001
5 0.2172955974842767 0.65725 0.11446540880503145 0.068