5 0.18778125 0.44779166666666664 0.14071875 0.14445833333333333
5 0.33406250000000004 0.4472083333333333 0.10831249999999999 0.11
5 0.5639375 0.2855416666666667 0.0721875 0.108875
5 0.6904375 0.391125 0.11268750000000001 0.12000000000000001
5 0.4755625 0.5533333333333333 0.11215625 0.111125
5 0.5476875 0.46279166666666666 0.11468750000000001 0.11887500000000001
5 0.95975 0.543875 0.0805 0.14779166666666665
5 0.86946875 0.168625 0.10821875 0.125
5 0.9722500000000001 0.12333333333333334 0.05550000000000001 0.14
5 0.033187499999999995 0.38387499999999997 0.06634375 0.11666666666666667
5 0.07565625000000001 0.31304166666666666 0.09146875 0.08054166666666666
5 0.95765625 0.6741666666666667 0.08465625 0.09166666666666666
5 0.41846875 0.2831666666666666 0.0668125 0.08491666666666667
5 0.47628125 0.28879166666666667 0.0550625 0.06091666666666666
5 0.65759375 0.2799583333333333 0.0523125 0.06570833333333333
5 0.354375 0.35591666666666666 0.056437499999999995 0.057374999999999995
5 0.19759374999999998 0.20895833333333333 0.050562499999999996 0.04870833333333333
5 0.328875 0.107375 0.06315625 0.06987499999999999
5 0.38671875 0.09245833333333334 0.05140625 0.06891666666666667
5 0.8268125 0.746625 0.174375 0.207375
5 0.0785 0.050499999999999996 0.05278125 0.05545833333333334