5 0.43851999999999997 0.4314414414414414 0.27874 0.6178078078078078
5 0.49451999999999996 0.44243243243243247 0.1134 0.21141141141141143
5 0.33806 0.41540540540540544 0.0698 0.18537537537537538
5 0.25616 0.7821921921921923 0.08202 0.26225225225225224
5 0.30244 0.8566666666666666 0.09192 0.17096096096096097
5 0.6673600000000001 0.6966966966966966 0.11778 0.16735735735735735
5 0.63536 0.5365465465465465 0.16044 0.1833933933933934
5 0.79302 0.4922822822822823 0.16106 0.2910810810810811
5 0.87118 0.6300300300300301 0.15203999999999998 0.32633633633633635
5 0.18294 0.8895795795795797 0.06624 0.2208108108108108
5 0.27912 0.3697597597597597 0.12792 0.14213213213213213
5 0.42075999999999997 0.1653753753753754 0.14987999999999999 0.20180180180180182