2 0.474248046875 0.9350694444444445 0.03408203125 0.0676736111111111
2 0.44765625 0.9505034722222222 0.03515625 0.05223958333333333
2 0.4238671875 0.8233854166666666 0.0366015625 0.034513888888888886
2 0.39765625 0.8031423611111111 0.026484375 0.04029513888888889
2 0.298984375 0.7561284722222221 0.02447265625 0.030190972222222223
2 0.25974609375 0.7553993055555556 0.027373046875 0.031649305555555556
2 0.50951171875 0.7852083333333333 0.032099609375 0.039149305555555555
2 0.553466796875 0.8037152777777777 0.035380859375 0.05303819444444444
2 0.615419921875 0.78578125 0.04046875 0.051875
2 0.664833984375 0.7967708333333333 0.030244140625 0.050729166666666665
2 0.422080078125 0.7896875 0.029755859375 0.03944444444444444
2 0.45830078125 0.7970659722222222 0.02896484375 0.04552083333333333
2 0.307373046875 0.7365972222222221 0.036357421875 0.034548611111111106
2 0.34490234375 0.692482638888889 0.025146484375 0.03020833333333333
2 0.627060546875 0.9010590277777778 0.0393359375 0.05965277777777778
2 0.75103515625 0.9063020833333333 0.036435546875 0.05642361111111111
2 0.4990234375 0.6563194444444445 0.196484375 0.2972048611111111