4 0.218984375 0.6429296875 0.073203125 0.0808984375
4 0.2423828125 0.323515625 0.074140625 0.057890625
4 0.43078125 0.3104296875 0.046484375 0.0730859375
4 0.1969140625 0.8497265625 0.1026171875 0.090078125
4 0.1805859375 0.7578125 0.1021875 0.090078125
4 0.3737890625 0.721953125 0.0795703125 0.073515625
4 0.4011328125 0.653046875 0.0653125 0.082734375
4 0.2933984375 0.6728125 0.0750390625 0.0946875
4 0.2543359375 0.5298828125 0.0796484375 0.09375
4 0.107109375 0.605703125 0.06546875 0.07078125
4 0.038671875 0.663125 0.07734375 0.0845703125
4 0.1236328125 0.868125 0.0617578125 0.0716796875
4 0.071015625 0.788125 0.0714453125 0.058828125
4 0.0271484375 0.9140625 0.0526171875 0.0533203125
4 0.1576171875 0.972421875 0.1113671875 0.05515625
4 0.3085546875 0.8809765625 0.0777734375 0.0790625
4 0.3244140625 0.819375 0.1048828125 0.0845703125
4 0.438359375 0.7486328125 0.0937890625 0.090078125
4 0.534375 0.65671875 0.05609375 0.034921875
4 0.5134765625 0.6387890625 0.083203125 0.081796875
4 0.542890625 0.539765625 0.0501171875 0.06296875
4 0.5488671875 0.465078125 0.07125 0.0652734375