4 0.5095703125 0.3536328125 0.153515625 0.1732421875
4 0.5828515625 0.4853125 0.120859375 0.10109375
4 0.49328125 0.52390625 0.0979296875 0.0680078125
4 0.2515625 0.7288671875 0.2027734375 0.1654296875
4 0.2768359375 0.235078125 0.133828125 0.1199609375
4 0.195546875 0.067109375 0.1458203125 0.128671875
4 0.5130078125 0.0390625 0.1466015625 0.078125
4 0.73125 0.0833984375 0.132734375 0.1107421875
4 0.801328125 0.028046875 0.1395703125 0.0560546875
4 0.863828125 0.9195703125 0.1358984375 0.160859375
4 0.453515625 0.7557421875 0.170078125 0.14109375
4 0.6441796875 0.915 0.1745703125 0.1700390625