4 0.5415234375 0.3685546875 0.09328125 0.0882421875
4 0.6480859375 0.2633203125 0.0675 0.0523828125
4 0.7059765625 0.1270703125 0.0730078125 0.0601953125
4 0.8576171875 0.192109375 0.06375 0.066171875
4 0.6788671875 0.379375 0.1015234375 0.059296875
4 0.39125 0.625703125 0.059375 0.055625
4 0.438828125 0.4974609375 0.0671484375 0.0841015625
4 0.46453125 0.4007421875 0.0634765625 0.0606640625
4 0.3331640625 0.4000390625 0.0580078125 0.0546875
4 0.353828125 0.3566015625 0.071796875 0.082734375
4 0.178984375 0.35203125 0.0576171875 0.05515625
4 0.0887109375 0.17578125 0.06546875 0.065703125
4 0.299609375 0.0955859375 0.0736328125 0.0569921875
4 0.41859375 0.086640625 0.081875 0.07125
4 0.5302734375 0.0880078125 0.0386328125 0.04640625
4 0.49625 0.692109375 0.1728125 0.1103125
4 0.5339453125 0.5521484375 0.0643359375 0.0372265625
4 0.499453125 0.5059765625 0.059765625 0.078125
4 0.2582421875 0.573515625 0.0828515625 0.03859375
4 0.2076953125 0.4990625 0.073671875 0.05515625
4 0.2516015625 0.5121875 0.0925 0.058359375
4 0.279140625 0.6886328125 0.0557421875 0.043671875
4 0.0894140625 0.85109375 0.0898046875 0.0790625
4 0.024609375 0.8345703125 0.04296875 0.082734375
4 0.337265625 0.828125 0.0570703125 0.051484375
4 0.326484375 0.9007421875 0.049296875 0.03125
4 0.4057421875 0.8733984375 0.0377734375 0.0455078125
4 0.5532421875 0.94921875 0.0478125 0.059296875
4 0.6522265625 0.883046875 0.0849609375 0.0372265625