4 0.4321484375 0.12453125 0.223828125 0.105703125
4 0.661171875 0.1025 0.1626171875 0.098359375
4 0.850234375 0.0903125 0.2328515625 0.1153515625
4 0.3230078125 0.3841796875 0.1664453125 0.082734375
4 0.5086328125 0.4788671875 0.1516796875 0.0882421875
4 0.616171875 0.351328125 0.127734375 0.0859375
4 0.75421875 0.28421875 0.1602734375 0.0804296875
4 0.885625 0.44921875 0.14734375 0.0887109375
4 0.9260546875 0.6025 0.136328125 0.0873046875
4 0.8330078125 0.65328125 0.15703125 0.0923828125
4 0.0926171875 0.5928125 0.1789453125 0.058828125