4 0.724375 0.4319921875 0.0730078125 0.0680078125
4 0.6756640625 0.46578125 0.1042578125 0.066640625
4 0.60859375 0.4168359375 0.0987890625 0.0836328125
4 0.578046875 0.6378515625 0.11578125 0.1121484375
4 0.4179296875 0.5992578125 0.0942578125 0.090078125
4 0.3234765625 0.6590234375 0.0846484375 0.0625
4 0.3779296875 0.5169921875 0.09703125 0.081796875
4 0.4201953125 0.4310546875 0.0896875 0.0478125
4 0.225625 0.432890625 0.0635546875 0.051484375
4 0.744375 0.6544140625 0.0991796875 0.090078125
4 0.7914453125 0.5452734375 0.096875 0.0877734375
4 0.9118359375 0.527578125 0.0802734375 0.0569921875
4 0.9577734375 0.6941796875 0.080234375 0.0730859375
4 0.8695703125 0.64796875 0.08765625 0.0771875
4 0.6483203125 0.8812109375 0.0817578125 0.0519140625