4 0.445703125 0.1405078125 0.0391015625 0.0544921875
4 0.8603515625 0.287265625 0.0915234375 0.0701953125
4 0.9510546875 0.2870703125 0.0558984375 0.0567578125
4 0.971875 0.370859375 0.0455078125 0.0594140625
4 0.7908984375 0.3751953125 0.0568359375 0.050703125
4 0.7319140625 0.4151171875 0.0429296875 0.0437890625
4 0.4316015625 0.2898828125 0.0499609375 0.0233203125
4 0.3387109375 0.415546875 0.0551953125 0.0359765625
4 0.3981640625 0.3875390625 0.04390625 0.03640625
4 0.4819140625 0.49109375 0.046484375 0.048203125
4 0.5502734375 0.5338671875 0.0659765625 0.042578125
4 0.4137890625 0.54734375 0.0404296875 0.02609375
4 0.4408984375 0.574453125 0.0382421875 0.0412890625
4 0.3844921875 0.6556640625 0.064296875 0.03875
4 0.3643359375 0.727734375 0.0630078125 0.0613671875
4 0.2979296875 0.8004296875 0.043046875 0.0548828125
4 0.2423828125 0.8338671875 0.070859375 0.078359375
4 0.4216015625 0.8666796875 0.0560546875 0.0787890625
4 0.3573828125 0.954140625 0.066484375 0.0671484375
4 0.1924609375 0.8898828125 0.0665234375 0.0427734375
4 0.1284375 0.85015625 0.090390625 0.0458203125
4 0.11390625 0.8123828125 0.0569921875 0.0657421875
4 0.1564453125 0.776796875 0.0899609375 0.063984375
4 0.12453125 0.629609375 0.07390625 0.05609375
4 0.263203125 0.6400390625 0.09515625 0.0595703125
4 0.1859375 0.6947265625 0.0969140625 0.0648046875
4 0.07703125 0.5857421875 0.0960546875 0.0465234375
4 0.264921875 0.384296875 0.0465234375 0.0429296875
4 0.271875 0.3534765625 0.0604296875 0.04203125
4 0.407265625 0.205859375 0.0534375 0.041953125
4 0.5658984375 0.34828125 0.0278125 0.048984375
4 0.6138671875 0.4105859375 0.049921875 0.0563671875
4 0.8586328125 0.6358984375 0.0533203125 0.08171875
4 0.9566796875 0.721015625 0.041171875 0.0609375
4 0.7598828125 0.730546875 0.0598828125 0.0279296875
4 0.7325390625 0.6990625 0.04859375 0.03875
4 0.7364453125 0.6534765625 0.047734375 0.0430859375
4 0.6915234375 0.72859375 0.0403515625 0.0457421875
4 0.6602734375 0.6721484375 0.0473046875 0.054375
4 0.6108203125 0.6135546875 0.0525390625 0.05
4 0.5765234375 0.6526171875 0.0620703125 0.0587109375
4 0.46390625 0.704296875 0.058203125 0.0491796875
4 0.4751953125 0.74703125 0.0460546875 0.0435546875
4 0.5509375 0.7574609375 0.0542578125 0.0644140625
4 0.5023046875 0.8093359375 0.07859375 0.0509765625
4 0.660078125 0.5262890625 0.2248046875 0.1793359375