4 0.4728125 0.7294921875 0.227890625 0.255859375
4 0.84015625 0.6908203125 0.1596484375 0.100390625
4 0.8475390625 0.3517578125 0.1657421875 0.125390625
4 0.5600390625 0.408203125 0.1332421875 0.1341015625
4 0.5140234375 0.31703125 0.093359375 0.090625
4 0.27796875 0.436640625 0.1246484375 0.108515625
4 0.2690625 0.561015625 0.1458984375 0.127265625
4 0.1084765625 0.355859375 0.1025390625 0.120625
4 0.2796875 0.3723828125 0.128125 0.084140625
4 0.4155078125 0.29640625 0.07859375 0.1144921875
4 0.5773828125 0.2232421875 0.081171875 0.0766796875
4 0.6559375 0.2968359375 0.090703125 0.071953125
4 0.7412109375 0.2223828125 0.0659375 0.074921875