4 0.2681640625 0.6131640625 0.2483203125 0.3009375
4 0.4037890625 0.342421875 0.1159375 0.1023828125
4 0.62078125 0.57078125 0.1158984375 0.125078125
4 0.831484375 0.5484375 0.263828125 0.3017578125
4 0.6346875 0.400390625 0.178359375 0.10109375
4 0.4558984375 0.448359375 0.063828125 0.071171875
4 0.5494140625 0.251875 0.098984375 0.0819140625
4 0.6353515625 0.258828125 0.0972265625 0.0958203125
4 0.7051953125 0.14640625 0.089375 0.0879296875
4 0.597578125 0.158125 0.09984375 0.06796875
4 0.4235546875 0.1613671875 0.0903125 0.0614453125
4 0.2755859375 0.249921875 0.0808203125 0.0649609375
4 0.3794921875 0.2659765625 0.1194140625 0.0537109375
4 0.1369140625 0.326796875 0.1290234375 0.07109375
4 0.097421875 0.385625 0.0934375 0.0715625
4 0.0883203125 0.48546875 0.1186328125 0.0976953125
4 0.946484375 0.1040625 0.0684765625 0.0509765625
4 0.8883203125 0.2145703125 0.09109375 0.0766796875