4 0.7101953125 0.3947265625 0.1384375 0.115859375
4 0.710859375 0.2540625 0.0919921875 0.077578125
4 0.9355078125 0.4780859375 0.128984375 0.0916015625
4 0.881171875 0.6565234375 0.0984375 0.092578125
4 0.584765625 0.7403125 0.087265625 0.0778515625
4 0.452421875 0.5341015625 0.0742578125 0.056015625
4 0.48453125 0.6026953125 0.10375 0.0890625
4 0.387109375 0.4485546875 0.086875 0.1019921875
4 0.2814453125 0.6348046875 0.096875 0.10125
4 0.3426171875 0.81109375 0.0890625 0.1065625
4 0.4311328125 0.7320703125 0.10984375 0.104765625