4 0.3308984375 0.0684765625 0.091640625 0.1187109375
4 0.443515625 0.1871875 0.0781640625 0.1174609375
4 0.731875 0.05609375 0.1123828125 0.1121875
4 0.8419140625 0.074765625 0.0937109375 0.0922265625
4 0.7188671875 0.1702734375 0.086328125 0.092265625
4 0.777890625 0.195 0.0828515625 0.098359375
4 0.8562109375 0.2112890625 0.0962890625 0.1352734375
4 0.9572265625 0.1136328125 0.0855859375 0.1395703125
4 0.167734375 0.196328125 0.1472265625 0.144375
4 0.1321484375 0.2948828125 0.162890625 0.107109375
4 0.15125 0.457265625 0.1142578125 0.1019921875
4 0.4305078125 0.30921875 0.1389453125 0.1097265625
4 0.5893359375 0.3102734375 0.109375 0.0728125
4 0.533984375 0.34328125 0.081171875 0.1041015625
4 0.4821484375 0.449453125 0.14671875 0.1558203125
4 0.3660546875 0.50109375 0.1185546875 0.146328125
4 0.3612890625 0.60203125 0.1176953125 0.0834375
4 0.364296875 0.719921875 0.132421875 0.1673046875
4 0.2946484375 0.84671875 0.1537109375 0.143046875
4 0.2148046875 0.913125 0.132890625 0.1283203125
4 0.55828125 0.85625 0.129765625 0.1621484375
4 0.61125 0.650234375 0.0794140625 0.1190625
4 0.522265625 0.6408984375 0.1011328125 0.0960546875
4 0.4643359375 0.6927734375 0.1024609375 0.0999609375
4 0.4506640625 0.8045703125 0.1228515625 0.136953125
4 0.8084765625 0.576640625 0.12234375 0.158515625
4 0.8844140625 0.44421875 0.091953125 0.128046875
4 0.7950390625 0.7264453125 0.121484375 0.1369140625
4 0.930078125 0.7133984375 0.13984375 0.1629296875
4 0.950703125 0.8590625 0.09859375 0.12875
4 0.7392578125 0.958125 0.10109375 0.08375
4 0.1028515625 0.622890625 0.1173046875 0.1251171875
4 0.0590625 0.7566015625 0.118125 0.114765625
4 0.0477734375 0.86796875 0.095546875 0.1595703125