2 0.746448275862069 0.7721140939597315 0.23900000000000002 0.38161073825503355
2 0.4736896551724138 0.6774161073825503 0.2239655172413793 0.18704697986577182
2 0.31848275862068964 0.4572818791946309 0.2159310344827586 0.14429530201342283
2 0.12720689655172415 0.6397315436241611 0.254448275862069 0.16332214765100672
2 0.07837931034482759 0.855738255033557 0.15675862068965518 0.25976510067114095
2 0.1873793103448276 0.32308724832214764 0.13410344827586207 0.10302013422818791
2 0.12027586206896553 0.47275167785234895 0.21737931034482758 0.1545973154362416
2 0.6711034482758621 0.4159731543624161 0.17317241379310344 0.14429530201342283
2 0.8719655172413793 0.40050335570469797 0.2513103448275862 0.15463087248322147
2 0.6013103448275862 0.5264429530201342 0.17682758620689656 0.09677852348993289
2 0.38055172413793104 0.36308724832214767 0.20217241379310347 0.12624161073825502