4 0.2362890625 0.262578125 0.197578125 0.2898828125
4 0.5600390625 0.23 0.1853125 0.2160546875
4 0.5170703125 0.418828125 0.246953125 0.1683984375
4 0.4489453125 0.6155078125 0.188828125 0.205859375
4 0.271640625 0.829140625 0.1858203125 0.1816796875
4 0.7314453125 0.8384765625 0.2069921875 0.2394140625
4 0.9355078125 0.78765625 0.128984375 0.146484375
4 0.71453125 0.5123828125 0.164453125 0.1341796875
4 0.8377734375 0.390625 0.150546875 0.1380078125
4 0.6544140625 0.271875 0.118046875 0.13921875
4 0.218046875 0.4861328125 0.1611328125 0.120703125
4 0.1171484375 0.68 0.119921875 0.1394921875
4 0.4927734375 0.8962109375 0.1462890625 0.155234375