4 0.3415234375 0.20609375 0.1606640625 0.176953125
4 0.5175 0.12296875 0.135 0.1278515625
4 0.425703125 0.0369921875 0.1727734375 0.0739453125
4 0.139296875 0.0517578125 0.1555078125 0.1034765625
4 0.1447265625 0.215 0.1446484375 0.1209375
4 0.234140625 0.360234375 0.1151171875 0.1640234375
4 0.1681640625 0.664140625 0.1915234375 0.1468359375
4 0.3725390625 0.5419140625 0.1923046875 0.1411328125
4 0.4830078125 0.3691015625 0.11375 0.125390625
4 0.6041015625 0.32484375 0.1215234375 0.08890625
4 0.7548828125 0.335703125 0.1496875 0.1019140625
4 0.90875 0.463984375 0.157890625 0.15453125
4 0.694140625 0.5569140625 0.13234375 0.1667578125
4 0.559375 0.6207421875 0.19703125 0.19890625
4 0.4628125 0.87625 0.2166015625 0.202109375
4 0.8338671875 0.880546875 0.1861328125 0.141328125
4 0.902421875 0.68453125 0.1496484375 0.1442578125
4 0.93984375 0.59359375 0.1203125 0.1142578125
4 0.9373828125 0.35328125 0.111015625 0.0806640625
4 0.810234375 0.4950390625 0.1431640625 0.116796875
4 0.843203125 0.0300390625 0.1570703125 0.060078125
4 0.3434765625 0.4233984375 0.1255078125 0.1384375