4 0.287734375 0.1496484375 0.13984375 0.150859375
4 0.7128125 0.1425 0.1262890625 0.1061328125
4 0.841015625 0.18265625 0.109296875 0.1300390625
4 0.60515625 0.238671875 0.1540625 0.1639453125
4 0.47 0.09234375 0.122421875 0.123046875
4 0.3847265625 0.1231640625 0.1124609375 0.1239453125
4 0.3855859375 0.30921875 0.11421875 0.1097265625
4 0.3009375 0.3634765625 0.1098828125 0.1227734375
4 0.4489453125 0.4194921875 0.10203125 0.121953125
4 0.3534765625 0.504140625 0.136796875 0.1784375
4 0.245390625 0.5544921875 0.13765625 0.122890625
4 0.1696875 0.5801171875 0.129453125 0.113359375
4 0.0655078125 0.52390625 0.1294921875 0.118125
4 0.147109375 0.055 0.13640625 0.10046875
4 0.0416796875 0.071484375 0.0833984375 0.11609375
4 0.0869921875 0.3209375 0.10734375 0.141875
4 0.14125 0.2837890625 0.085625 0.1153515625
4 0.220234375 0.3322265625 0.08734375 0.1470703125
4 0.562421875 0.3612890625 0.0729296875 0.1444921875
4 0.630546875 0.378671875 0.078984375 0.092421875
4 0.7353515625 0.368046875 0.1193359375 0.1101953125
4 0.731875 0.2519140625 0.1123828125 0.1340234375
4 0.9432421875 0.2664453125 0.0923828125 0.1326953125
4 0.95828125 0.15421875 0.0833984375 0.1209375
4 0.921953125 0.4055859375 0.1105859375 0.076796875
4 0.9382421875 0.5021875 0.1127734375 0.1267578125
4 0.762265625 0.5996875 0.1383984375 0.195859375
4 0.603203125 0.5201953125 0.1544921875 0.0976953125
4 0.519453125 0.627890625 0.169296875 0.139453125
4 0.633828125 0.6901953125 0.1071875 0.1121484375
4 0.621640625 0.5879296875 0.15234375 0.0942578125
4 0.2744921875 0.7540234375 0.1176953125 0.1616796875
4 0.1019921875 0.7635546875 0.1329296875 0.1633984375
4 0.4057421875 0.700390625 0.1155078125 0.1542578125
4 0.9452734375 0.6988671875 0.109453125 0.1294921875
4 0.5901953125 0.9126953125 0.1284765625 0.1361328125
4 0.6635546875 0.82390625 0.0755078125 0.101796875
4 0.741015625 0.9137890625 0.1219140625 0.0992578125
4 0.7889453125 0.828671875 0.1266796875 0.1200390625
4 0.8985546875 0.93265625 0.08109375 0.0892578125
4 0.428125 0.87078125 0.1298046875 0.1261328125
4 0.42375 0.947421875 0.1211328125 0.0840625
4 0.1486328125 0.880546875 0.12640625 0.071875
4 0.1963671875 0.956953125 0.1003515625 0.0858203125
4 0.0928515625 0.958125 0.106015625 0.08375