4 0.115 0.10796875 0.193671875 0.20640625
4 0.31765625 0.269921875 0.1216015625 0.174375
4 0.48625 0.1898046875 0.141953125 0.157421875
4 0.58390625 0.33765625 0.1028515625 0.15359375
4 0.7668359375 0.3860546875 0.143203125 0.2200390625
4 0.9279296875 0.42578125 0.1441796875 0.21703125
4 0.6479296875 0.6530859375 0.1484375 0.1898046875
4 0.664609375 0.8697265625 0.1775 0.2325
4 0.432890625 0.456171875 0.1306640625 0.2257421875
4 0.460234375 0.3109375 0.141953125 0.1653125
4 0.365625 0.6626171875 0.108984375 0.1741796875
4 0.2636328125 0.7088671875 0.1567578125 0.2276171875
4 0.149921875 0.6712890625 0.1203515625 0.2089453125
4 0.0633984375 0.533046875 0.126796875 0.2666015625