4 0.1438671875 0.253671875 0.2296875 0.3111328125
4 0.6103515625 0.09734375 0.23390625 0.1894921875
4 0.911640625 0.281015625 0.17671875 0.2703515625
4 0.39296875 0.140546875 0.17234375 0.21078125
4 0.4018359375 0.3971484375 0.237890625 0.1770703125
4 0.5441796875 0.490703125 0.1753515625 0.194921875
4 0.676328125 0.4294921875 0.1575390625 0.16796875
4 0.7526953125 0.596640625 0.2408203125 0.2158203125
4 0.397734375 0.591640625 0.2079296875 0.184140625
4 0.2115625 0.873203125 0.2088671875 0.17
4 0.3348046875 0.8482421875 0.194921875 0.18515625
4 0.9148828125 0.120546875 0.170234375 0.1187109375