4 0.2790234375 0.2006640625 0.1051171875 0.1009765625
4 0.3504296875 0.1895703125 0.0005078125 0.0050390625
4 0.383828125 0.2191015625 0.1107421875 0.0814453125
4 0.503203125 0.219765625 0.1150390625 0.087109375
4 0.5036328125 0.12359375 0.1072265625 0.0640234375
4 0.67265625 0.065 0.1371484375 0.07703125
4 0.782890625 0.179375 0.0971875 0.067109375
4 0.7423046875 0.2371484375 0.133203125 0.087109375
4 0.8444921875 0.3537109375 0.1336328125 0.1249609375
4 0.6661328125 0.3940625 0.1154296875 0.07546875
4 0.417890625 0.407109375 0.1398046875 0.1015234375
4 0.1955078125 0.3448046875 0.133359375 0.111484375
4 0.27359375 0.5384375 0.168046875 0.1341796875
4 0.3315625 0.7351171875 0.1319921875 0.1021875
4 0.26515625 0.8321484375 0.1120703125 0.0922265625
4 0.070078125 0.8098046875 0.1342578125 0.11265625
4 0.105234375 0.5341015625 0.1437890625 0.1255078125
4 0.06140625 0.3643359375 0.0821875 0.0898046875
4 0.5991015625 0.7841796875 0.08984375 0.1048046875
4 0.8494921875 0.7251171875 0.095859375 0.090859375
4 0.6127734375 0.46203125 0.1041796875 0.102890625