4 0.391640625 0.227578125 0.108984375 0.120078125
4 0.4315625 0.1468359375 0.1194140625 0.11484375
4 0.513828125 0.2028515625 0.0625390625 0.096640625
4 0.580859375 0.249296875 0.0707421875 0.0766796875
4 0.744921875 0.31375 0.1037109375 0.131875
4 0.7043359375 0.4813671875 0.105 0.1371875
4 0.597578125 0.480703125 0.09984375 0.1315234375
4 0.511015625 0.4730859375 0.07859375 0.129375
4 0.352578125 0.515 0.1176953125 0.139375
4 0.25453125 0.3523828125 0.09515625 0.0789453125
4 0.2733984375 0.2759765625 0.08515625 0.065
4 0.2108984375 0.63828125 0.0643359375 0.0908203125
4 0.35 0.644140625 0.0777734375 0.106875
4 0.286640625 0.7303515625 0.089921875 0.1012890625
4 0.10609375 0.7047265625 0.0934375 0.07609375
4 0.1278125 0.62875 0.0673828125 0.0891015625
4 0.135625 0.77203125 0.100390625 0.115234375
4 0.2792578125 0.910078125 0.1012109375 0.1309375
4 0.4365625 0.8369140625 0.081640625 0.11046875
4 0.4958203125 0.81609375 0.108984375 0.1208984375
4 0.7138671875 0.93484375 0.07203125 0.1023046875
4 0.9019921875 0.656328125 0.0706640625 0.096484375
4 0.793515625 0.562734375 0.079375 0.0786328125
4 0.74859375 0.6380859375 0.089375 0.0773828125
4 0.475 0.6654296875 0.0673046875 0.1060546875
4 0.546796875 0.669765625 0.07640625 0.1147265625
4 0.5941015625 0.5870703125 0.110234375 0.1098828125
4 0.4784375 0.3174609375 0.0742578125 0.0828125
4 0.162734375 0.065625 0.098203125 0.1173828125
4 0.311796875 0.158984375 0.105546875 0.1044140625
4 0.034765625 0.0543359375 0.0694921875 0.1087109375
4 0.3183203125 0.02828125 0.1272265625 0.0566015625
4 0.825859375 0.3712890625 0.0876171875 0.103671875
4 0.641640625 0.3741015625 0.0533984375 0.0702734375
4 0.0330078125 0.642421875 0.0660546875 0.12078125
4 0.3998828125 0.95703125 0.099453125 0.0859375
4 0.9306640625 0.796328125 0.075859375 0.129140625