4 0.8440625 0.7381640625 0.1414453125 0.116953125
4 0.5539453125 0.4915625 0.0690234375 0.10984375
4 0.1145703125 0.6398046875 0.1146875 0.098203125
4 0.1894140625 0.7525 0.103828125 0.11953125
4 0.2482421875 0.9157421875 0.138984375 0.1335546875
4 0.44828125 0.9305078125 0.1484765625 0.128359375
4 0.47 0.6584765625 0.0876953125 0.1094921875
4 0.583046875 0.7086328125 0.0837890625 0.0926171875
4 0.873359375 0.9344140625 0.1175390625 0.1274609375
4 0.60953125 0.33546875 0.05859375 0.07109375
4 0.533125 0.2533984375 0.062109375 0.0719140625
4 0.4567578125 0.4822265625 0.11765625 0.069453125
4 0.2050390625 0.4214453125 0.0830078125 0.0694140625
4 0.27796875 0.5675390625 0.072578125 0.062109375
4 0.8540625 0.475703125 0.0658984375 0.09984375
4 0.90375 0.3958203125 0.056796875 0.0616015625