0 0.21492537313432836 0.0948782535684299 0.39104477611940297 0.17968094038623006
0 0.291044776119403 0.3623005877413938 0.4208955223880597 0.2409739714525609
0 0.1701492537313433 0.6272040302267002 0.14328358208955225 0.07220822837951302
0 0.29253731343283584 0.8895885810243492 0.3611940298507463 0.20570948782535683
0 0.46044776119402986 0.6528127623845508 0.21641791044776118 0.10663308144416457
0 0.7917910447761194 0.6158690176322418 0.3567164179104478 0.12846347607052896
0 0.6365671641791045 0.8299748110831234 0.1925373134328358 0.13182199832073888
0 0.8761194029850746 0.8232577665827037 0.1880597014925373 0.2141057934508816
0 0.7582089552238805 0.2237615449202351 0.43582089552238806 0.2174643157010915
0 0.8798507462686567 0.08690176322418136 0.24029850746268658 0.13014273719563393
0 0.06119402985074627 0.6498740554156172 0.11940298507462686 0.11922753988245172
0 0.6932835820895522 0.5994962216624685 0.13880597014925372 0.06213266162888329