0 0.23845108695652173 0.5742753623188406 0.41440217391304346 0.2971014492753623
0 0.5563858695652174 0.483695652173913 0.15896739130434784 0.1068840579710145
0 0.8974184782608695 0.8206521739130435 0.13722826086956522 0.08152173913043478
0 0.23980978260869565 0.8125 0.14266304347826086 0.07427536231884058
0 0.1324728260869565 0.7717391304347826 0.12364130434782608 0.07608695652173914
0 0.09986413043478261 0.9157608695652174 0.18885869565217392 0.16847826086956522
0 0.40353260869565216 0.9270833333333334 0.3016304347826087 0.13858695652173914
0 0.717391304347826 0.896286231884058 0.2418478260869565 0.18568840579710144
0 0.3736413043478261 0.3596014492753623 0.3641304347826087 0.14130434782608695
0 0.8620923913043478 0.4361413043478261 0.18614130434782608 0.12409420289855072
0 0.4592391304347826 0.1716485507246377 0.421195652173913 0.17300724637681159
0 0.7629076086956522 0.13179347826086957 0.15896739130434784 0.1766304347826087
0 0.10869565217391304 0.05615942028985507 0.20652173913043478 0.09963768115942029
0 0.8417119565217391 0.3220108695652174 0.29483695652173914 0.11141304347826086