0 0.6066365979381443 0.7018900343642611 0.14626288659793815 0.14776632302405499
0 0.5824742268041238 0.7976804123711341 0.1791237113402062 0.23109965635738833
0 0.31862113402061853 0.5025773195876289 0.16817010309278352 0.2663230240549828
0 0.9114046391752577 0.08118556701030928 0.17719072164948454 0.16065292096219932
0 0.8350515463917526 0.24355670103092783 0.12757731958762886 0.15034364261168384
0 0.678479381443299 0.38831615120274915 0.14690721649484537 0.19243986254295534
0 0.7438788659793815 0.5876288659793815 0.2184278350515464 0.19072164948453607
0 0.8228092783505154 0.39390034364261167 0.15850515463917525 0.23625429553264604
0 0.5054768041237113 0.4411512027491409 0.19007731958762886 0.2190721649484536
0 0.7867268041237113 0.7830756013745704 0.20103092783505155 0.19158075601374572
0 0.9323453608247423 0.6997422680412371 0.13530927835051546 0.2345360824742268
0 0.3382731958762887 0.10695876288659793 0.08118556701030928 0.06786941580756013
0 0.5679768041237113 0.14347079037800686 0.11920103092783506 0.2766323024054983
0 0.7142396907216495 0.08762886597938144 0.13724226804123713 0.17353951890034364
0 0.3804768041237113 0.7233676975945017 0.16945876288659795 0.15979381443298968
0 0.43556701030927836 0.9076460481099656 0.13788659793814434 0.18470790378006874