2 0.43345156889495223 0.3767692776592502 0.0770850386539336 0.046132276744894854
2 0.49600272851296046 0.3757025297165498 0.07939972714870396 0.04704967997561719
2 0.3423556161891769 0.3961231331911003 0.05177808094588449 0.033023468454739406
2 0.6483947248749431 0.45378847912221887 0.10224192814915871 0.06759219750076197
2 0.2591132332878581 0.4940902163974398 0.08538426557526148 0.055236208473026516
2 0.34270122783083223 0.49942395611094176 0.08202819463392451 0.06285278878390735
2 0.4340245566166439 0.5190033526363913 0.09414279217826285 0.05781773849436147
2 0.5245429740791269 0.5259372142639439 0.07509777171441563 0.04882657726302956
2 0.16267394270122784 0.5153459311185614 0.08350159163256025 0.05659859798841816
2 0.21032287403365166 0.5359158793050899 0.06283765347885403 0.05202072538860104
2 0.7499363346975898 0.4329564157269125 0.0829831741700773 0.04868028040231637
2 0.5000454752160073 0.4598719902468759 0.06826284674852207 0.05171898811338007
2 0.44697589813551614 0.4418957634867418 0.07732605729877216 0.04217616580310881
2 0.37813096862210094 0.41924108503505025 0.06697135061391542 0.043605608046327335
2 0.23483856298317415 0.4286894239561109 0.07446111869031379 0.04421213044803414
2 0.178581173260573 0.44951234379762267 0.06805366075488858 0.0350624809509296
2 0.10216007276034561 0.5038555318500457 0.07285584356525694 0.048247485522706496
2 0.053183265120509325 0.5577933556842426 0.08101409731696226 0.05249619018591893
2 0.10170986812187358 0.6468759524535203 0.11743519781718964 0.0660774154221274
2 0.7543383356070941 0.4915635476988723 0.0887494315597999 0.07445900640048767
2 0.7723829013187813 0.5276257238646754 0.10361982719417918 0.05921060652240171
2 0.5687357889949978 0.4816092654678452 0.06921782628467485 0.05049070405364218
2 0.49519326966803096 0.5602316366961292 0.0828149158708504 0.04924413288631514
2 0.6152933151432469 0.5930417555623285 0.10472942246475671 0.06000304785126486
2 0.7302364711232379 0.6277750685766534 0.1466575716234652 0.1091526973483694
2 0.8502364711232379 0.9146571167327033 0.16630741246020916 0.09752514477293509
2 0.6118599363346976 0.6437823834196891 0.12612096407457934 0.08914964949710454
2 0.9359754433833561 0.6942182261505638 0.11496134606639383 0.08334349283754952
2 0.12671214188267393 0.7327644010972264 0.14263756252842202 0.09643401402011581