4 0.49305208333333334 0.27603891050583657 0.15703125 0.22444357976653698
4 0.0791875 0.37258365758754863 0.14961458333333333 0.35528404669260705
4 0.7053854166666667 0.5455875486381323 0.18846875000000002 0.2927237354085603
4 0.5961562499999999 0.14895719844357977 0.18616145833333334 0.2387704280155642
4 0.5147916666666666 0.6051284046692608 0.19269791666666666 0.2639610894941634
4 0.13477604166666665 0.7364902723735408 0.15922916666666667 0.2504124513618677
4 0.41246875000000005 0.8692140077821012 0.11826041666666667 0.22792217898832684
4 0.8441614583333333 0.7292996108949417 0.20040104166666667 0.3177509727626459
4 0.3982708333333333 0.10632684824902723 0.1758125 0.19631906614785993
4 0.7742552083333333 0.24469260700389106 0.15694270833333332 0.16564980544747082
4 0.6447187499999999 0.836715953307393 0.16609895833333335 0.25242023346303505
4 0.223171875 0.4901167315175097 0.182375 0.2790661478599222
4 0.5255989583333334 0.9272373540856031 0.15441666666666667 0.14552529182879378