4 0.1248375 0.9095833333333333 0.24230000000000002 0.18083333333333335
4 0.4341625 0.9127083333333333 0.26094375 0.17458333333333334
4 0.90809375 0.8960416666666666 0.18380624999999998 0.20791666666666667
4 0.77865 0.27765833333333334 0.12179375 0.10865
4 0.42416875 0.41875 0.22845624999999997 0.18667499999999998
4 0.4302625 0.5821333333333333 0.19376875 0.16343333333333335
4 0.55930625 0.3514416666666667 0.2206 0.19788333333333333
4 0.7456875 0.5035666666666666 0.12774375 0.17714166666666667
4 0.6766312499999999 0.7934666666666667 0.17088125 0.2944333333333333
4 0.8676937499999999 0.7003 0.18113125 0.18726666666666666
4 0.058925 0.7196666666666667 0.10421875 0.12184166666666667