4 0.4089 0.3946424010217114 0.1912875 0.23925925925925925
4 0.6038687500000001 0.4331736909323116 0.1645625 0.2098978288633461
4 0.7813500000000001 0.30242656449553 0.0861875 0.11017241379310345
4 0.08645625000000001 0.36651340996168585 0.09640625 0.0808301404853129
4 0.16331875 0.44529374201787997 0.11263125 0.09365261813537676
4 0.3789125 0.7103767560664113 0.09798125 0.07464878671775224
4 0.20851875 0.18573435504469987 0.09886875 0.06411238825031929
4 0.680725 0.732330779054917 0.24744375000000002 0.22498722860791825
4 0.74885 0.16146871008939975 0.104525 0.09220306513409961
4 0.94403125 0.5055491698595147 0.07405 0.08219029374201789
4 0.68031875 0.9209642401021711 0.1049625 0.13397190293742017
4 0.9386125 0.8462260536398468 0.08821875 0.08240102171136654