4 0.330205078125 0.48462585034013606 0.239306640625 0.3016734693877551
4 0.208798828125 0.11941496598639455 0.328525390625 0.2334013605442177
4 0.476015625 0.07540136054421769 0.192392578125 0.11814965986394559
4 0.499619140625 0.2722857142857143 0.145185546875 0.16726530612244897
4 0.699453125 0.11941496598639455 0.15423828125 0.17896598639455782
4 0.8778125 0.11442176870748298 0.172412109375 0.17805442176870748
4 0.951953125 0.3621224489795919 0.09609375 0.23808163265306123
4 0.757060546875 0.3251428571428571 0.119716796875 0.15957823129251703
4 0.690341796875 0.5841904761904761 0.1880859375 0.23322448979591834
4 0.501572265625 0.5560544217687075 0.1100390625 0.14066666666666666
4 0.1005859375 0.5517687074829932 0.18046875 0.3089659863945578
4 0.23615234375 0.9163265306122449 0.174892578125 0.1673469387755102
4 0.516044921875 0.9231292517006803 0.213857421875 0.15374149659863945
4 0.632890625 0.7413741496598639 0.167607421875 0.16210884353741498
4 0.691484375 0.8665850340136055 0.128525390625 0.194843537414966
4 0.79953125 0.7186938775510204 0.16234375 0.171156462585034
4 0.92021484375 0.6052789115646259 0.1595703125 0.23459863945578233
4 0.9568359375 0.8755102040816326 0.086328125 0.24897959183673468