4 0.803191011235955 0.45389937106918243 0.38268539325842693 0.2319119496855346
4 0.4369438202247191 0.12003773584905661 0.44421348314606746 0.20150943396226415
4 0.19804494382022472 0.5344276729559748 0.3708988764044944 0.2420251572327044
4 0.16621348314606743 0.8215220125786163 0.3147303370786517 0.24177987421383648
4 0.2534606741573034 0.3129748427672956 0.3918426966292135 0.21840251572327044
4 0.8845730337078651 0.23077358490566038 0.23085393258426967 0.25525786163522013
4 0.6159550561797753 0.6451509433962264 0.3677640449438202 0.2118930817610063
4 0.5590337078651686 0.40210691823899375 0.31385393258426963 0.2583018867924528
4 0.8340112359550561 0.758188679245283 0.3319775280898876 0.2409056603773585
4 0.4803932584269663 0.9142578616352202 0.3812921348314607 0.17149056603773585
4 0.8171573033707865 0.9079685534591195 0.3656853932584269 0.1840691823899371
4 0.10038202247191011 0.23222641509433964 0.2007752808988764 0.1449559748427673
4 0.20291011235955056 0.6833018867924529 0.3731348314606741 0.11209433962264151
4 0.15274157303370786 0.11835220125786164 0.19789887640449438 0.1310440251572327
4 0.7766067415730337 0.036559748427672956 0.3220224719101124 0.07311320754716981