4 0.31595 0.4563193277310924 0.16978055555555557 0.18910504201680672
4 0.17888888888888888 0.33736554621848736 0.13732777777777777 0.14448319327731093
4 0.12445277777777777 0.5288235294117647 0.1617861111111111 0.21226890756302522
4 0.07029722222222222 0.757672268907563 0.13680833333333334 0.19517647058823528
4 0.4388472222222222 0.562235294117647 0.15724166666666667 0.21607142857142858
4 0.5356361111111111 0.4517016806722689 0.181375 0.22188655462184875
4 0.6475638888888889 0.31531092436974795 0.16634166666666667 0.20541176470588235
4 0.7379694444444445 0.37708823529411767 0.12770833333333334 0.15249159663865547
4 0.8319805555555556 0.4472857142857143 0.135175 0.2172605042016807
4 0.610625 0.7358109243697479 0.15357777777777779 0.15144957983193277
4 0.5123083333333334 0.6864327731092437 0.14583333333333334 0.1997563025210084
4 0.7685166666666666 0.5935420168067227 0.14436111111111113 0.15682773109243697
4 0.8708638888888889 0.8911176470588236 0.1351638888888889 0.19735714285714284
4 0.4695361111111111 0.10305042016806722 0.14917777777777777 0.12542436974789917
4 0.8358666666666666 0.11713025210084033 0.14295 0.12417226890756301
4 0.3066416666666667 0.780155462184874 0.2150527777777778 0.17711764705882355
4 0.6271527777777778 0.0475672268907563 0.1338527777777778 0.09513025210084033
4 0.6510361111111111 0.9109243697478991 0.14828611111111112 0.1781512605042017
4 0.09709444444444446 0.9329831932773109 0.17651666666666668 0.13403361344537815
4 0.9287694444444445 0.517264705882353 0.13708888888888887 0.20175210084033615
4 0.3481694444444445 0.27452941176470586 0.13421944444444445 0.1154453781512605
4 0.4356555555555555 0.21274789915966386 0.12586111111111112 0.13473949579831934
4 0.7880972222222222 0.7862563025210084 0.1474111111111111 0.2187310924369748