4 0.2455324074074074 0.2872736625514403 0.20803240740740742 0.2803034979423868
4 0.3890354938271605 0.17944958847736628 0.1092361111111111 0.14182098765432097
4 0.09356095679012345 0.1269701646090535 0.10470293209876542 0.16031378600823043
4 0.504170524691358 0.5108539094650206 0.22762345679012347 0.3108024691358025
4 0.21023533950617282 0.7812551440329218 0.22617283950617284 0.32177469135802467
4 0.39154320987654323 0.8370627572016461 0.12582175925925926 0.16075102880658437
4 0.591929012345679 0.21265946502057614 0.2218094135802469 0.26482510288065847
4 0.7462268518518519 0.12595164609053497 0.1600385802469136 0.24058641975308642
4 0.8393827160493826 0.31813786008230455 0.19588348765432098 0.23916152263374485
4 0.7475771604938272 0.585190329218107 0.15116512345679012 0.20742283950617285
4 0.7687924382716049 0.8162345679012346 0.20130787037037035 0.2271141975308642
4 0.5969405864197531 0.9580761316872428 0.2395486111111111 0.08384773662551441
4 0.8818209876543209 0.9049742798353909 0.11100694444444445 0.1113940329218107
4 0.8741010802469136 0.9696502057613169 0.1727276234567901 0.060699588477366256