4 0.17417052469135802 0.12363683127572016 0.19648148148148148 0.24110082304526748
4 0.41854166666666665 0.17842592592592593 0.16438657407407406 0.18093106995884775
4 0.785570987654321 0.3698508230452675 0.19243055555555555 0.2345627572016461
4 0.20889274691358026 0.5206121399176955 0.14246913580246912 0.19657407407407407
4 0.38903163580246913 0.6816769547325103 0.17095293209876544 0.24092592592592593
4 0.7167168209876543 0.811085390946502 0.18203703703703702 0.21682098765432098
4 0.6004243827160494 0.42257201646090536 0.08447916666666666 0.08794238683127573
4 0.6181674382716049 0.19976851851851854 0.07367283950617284 0.08471707818930041
4 0.4000270061728395 0.32275720164609056 0.12736111111111112 0.13522119341563787
4 0.4434259259259259 0.05260288065843622 0.11770447530864196 0.0990380658436214
4 0.3336844135802469 0.05723251028806585 0.10269675925925925 0.07742798353909465
4 0.3007060185185185 0.18741769547325102 0.06374614197530863 0.10117798353909464
4 0.0467283950617284 0.9284979423868313 0.0934567901234568 0.14300411522633744
4 0.6912615740740741 0.522417695473251 0.14655478395061727 0.20532407407407408
4 0.6841319444444445 0.26228395061728393 0.05899691358024691 0.07086419753086419
4 0.9620601851851851 0.40558641975308646 0.055435956790123454 0.06426440329218107
4 0.9826041666666666 0.1928240740740741 0.03479552469135802 0.10684156378600823