4 0.13685 0.4935875 0.2722 0.2905
4 0.3657625 0.1805625 0.367525 0.2561375
4 0.4295125 0.391875 0.2700125 0.20375
4 0.8204875 0.5377624999999999 0.2978 0.2621875
4 0.4845125 0.646125 0.21333749999999999 0.26225000000000004
4 0.304325 0.6317499999999999 0.25715 0.2876625
4 0.5761625 0.12241250000000001 0.17998750000000002 0.1523125
4 0.75385 0.146375 0.1645125 0.13773749999999998
4 0.4089 0.8682625 0.17462499999999997 0.181525
4 0.2705875 0.93875 0.21466249999999998 0.1225
4 0.6984375 0.87785 0.24535 0.19237500000000002
4 0.6867624999999999 0.6623749999999999 0.222025 0.21975
4 0.9378749999999999 0.7011375 0.12425000000000001 0.23895
4 0.5443 0.4885625 0.187075 0.147125