4 0.340791015625 0.12164713541666666 0.113994140625 0.13392578125000001
4 0.1564111328125 0.3007421875 0.1260986328125 0.12317708333333333
4 0.0698388671875 0.3144140625 0.10919921875 0.12014973958333335
4 0.233388671875 0.14617838541666667 0.10751953125 0.14392578125
4 0.6732568359375 0.11100911458333333 0.1051025390625 0.11698567708333334
4 0.3256591796875 0.3066015625 0.0869873046875 0.12188151041666667
4 0.4089794921875 0.30356119791666664 0.08435546875 0.12448567708333334
4 0.1018994140625 0.45508463541666666 0.1049609375 0.1237109375
4 0.206533203125 0.46463541666666663 0.1091552734375 0.14281901041666667
4 0.0786279296875 0.58423828125 0.0812060546875 0.09122395833333334
4 0.4153271484375 0.4216536458333333 0.08728515625 0.11761067708333334
4 0.5001123046875 0.41535807291666665 0.084326171875 0.14408854166666665
4 0.56455078125 0.4375 0.0830029296875 0.11024088541666667
4 0.535263671875 0.21065104166666668 0.07650390625 0.11227213541666665
4 0.4709814453125 0.18806640625 0.0618798828125 0.08447265625
4 0.5873388671875 0.06758463541666666 0.063466796875 0.06486328125
4 0.6524267578125 0.5516796875 0.1025048828125 0.10423177083333333
4 0.5614599609375 0.3213606770833333 0.1126220703125 0.1166796875
4 0.601494140625 0.179609375 0.0689990234375 0.11529296875
4 0.6981591796875 0.28880208333333335 0.0735205078125 0.14705078125
4 0.878466796875 0.19393229166666667 0.095595703125 0.11790364583333333
4 0.92875 0.3267903645833333 0.1017626953125 0.12319661458333332
4 0.8827001953125 0.3738932291666666 0.08453125 0.12626302083333332
4 0.740302734375 0.55515625 0.095966796875 0.12854817708333333
4 0.309384765625 0.8006770833333333 0.1065185546875 0.15518229166666667
4 0.181962890625 0.66521484375 0.12185546875 0.10994140625
4 0.1134521484375 0.7058138020833334 0.1052783203125 0.1433984375
4 0.119794921875 0.9396679687499999 0.1212255859375 0.12065755208333334
4 0.2787890625 0.9559440104166667 0.1234521484375 0.08810546875000001
4 0.204423828125 0.82259765625 0.0821435546875 0.09050130208333333
4 0.3933544921875 0.6730338541666666 0.1182080078125 0.14294270833333333
4 0.6049072265625 0.7114583333333333 0.111630859375 0.16337239583333332
4 0.474072265625 0.8035026041666667 0.11037109375 0.156484375
4 0.6781396484375 0.9074869791666668 0.1343896484375 0.16045572916666667
4 0.7731787109375 0.6730338541666666 0.09009765625 0.14294270833333333
4 0.816953125 0.4503059895833333 0.0832470703125 0.12283854166666668
4 0.8932763671875 0.4863411458333333 0.0763916015625 0.0994140625
4 0.4844873046875 0.045013020833333334 0.0791259765625 0.07179036458333334
4 0.453896484375 0.1083984375 0.057001953125 0.05967447916666666
4 0.968232421875 0.5560221354166667 0.0635400390625 0.11291666666666667
4 0.79287109375 0.81826171875 0.0871630859375 0.15128255208333333
4 0.856337890625 0.73923828125 0.0773779296875 0.114765625
4 0.894736328125 0.9190559895833333 0.1281396484375 0.16189453125