4 0.43116010273972605 0.12791834002677377 0.08029537671232877 0.12129518072289157
4 0.2359845890410959 0.10581994645247657 0.10090111301369864 0.10387215528781794
4 0.199173801369863 0.2865963855421687 0.11289811643835618 0.1039825970548862
4 0.14995077054794523 0.6432998661311915 0.12575342465753425 0.11123159303882196
4 0.2441160102739726 0.6096552878179384 0.10004280821917808 0.1142235609103079
4 0.05761130136986302 0.43022088353413657 0.09304152397260274 0.14357429718875503
4 0.09227953767123287 0.3250903614457831 0.08532534246575342 0.06718206157965194
4 0.20688356164383562 0.18197456492637215 0.05982234589041096 0.058724899598393575
4 0.32854238013698633 0.23939424364123157 0.08696061643835616 0.0965896921017403
4 0.3806571061643836 0.25931057563587684 0.05634203767123288 0.08622489959839356
4 0.3287607020547945 0.41347054886211515 0.057429366438356166 0.05652275769745649
4 0.36642551369863013 0.4415930388219545 0.05570419520547945 0.07261044176706828
4 0.40537457191780824 0.48578647925033464 0.06510916095890411 0.09406291834002678
4 0.34470248287671235 0.5467168674698795 0.07004922945205479 0.09543842034805891
4 0.4665774828767123 0.9054350736278447 0.10189854452054795 0.1602710843373494
4 0.44464041095890416 0.7892670682730923 0.10297517123287672 0.14881526104417672
4 0.13443921232876713 0.7668273092369479 0.08830693493150685 0.08385542168674699
4 0.48894049657534244 0.2917804551539491 0.09311643835616439 0.07754016064257029
4 0.6363912671232876 0.28090696117804553 0.09264126712328767 0.11268406961178046
4 0.7124721746575342 0.31572958500669346 0.07571061643835617 0.142165327978581
4 0.7213548801369863 0.6173560910307898 0.06992936643835616 0.10954149933065596
4 0.8155158390410959 0.5460441767068273 0.07845890410958904 0.09409973226238287
4 0.9597581335616437 0.34418005354752346 0.06728595890410959 0.11205488621151272
4 0.9721553938356164 0.21896586345381525 0.05569135273972603 0.062429718875502006
4 0.8921318493150685 0.755615796519411 0.06045804794520548 0.0982463186077644
4 0.5938035102739726 0.8995716198125837 0.09736301369863014 0.11842034805890227
4 0.8619541952054794 0.4146552878179384 0.09856164383561644 0.14256024096385544
4 0.9439212328767124 0.5241365461847389 0.06129708904109589 0.2075736278447122
4 0.9451005993150685 0.6657228915662651 0.048670804794520545 0.05567269076305221
4 0.4982534246575343 0.2060776439089692 0.045389554794520545 0.06677376171352076
4 0.6348951198630137 0.18581994645247657 0.0853660102739726 0.042991967871485945
4 0.788125 0.2790595716198126 0.06648330479452055 0.06548192771084337