4 0.1684111111111111 0.8380000000000001 0.31743333333333335 0.324
4 0.5012444444444445 0.8424444444444444 0.31643333333333334 0.3151111111111111
4 0.8404 0.8397 0.3192 0.2963
4 0.10376666666666667 0.1267888888888889 0.09482222222222222 0.07491111111111111
4 0.18686666666666668 0.1436777777777778 0.09212222222222222 0.09092222222222222
4 0.16843333333333332 0.052977777777777776 0.050811111111111106 0.05174444444444445
4 0.2853 0.04097777777777778 0.0801 0.07218888888888889
4 0.11954444444444445 0.24682222222222222 0.07748888888888888 0.08386666666666667
4 0.29485555555555554 0.2997333333333333 0.08586666666666667 0.07412222222222221
4 0.23086666666666666 0.22414444444444442 0.04678888888888889 0.0474
4 0.2981888888888889 0.13567777777777779 0.0792 0.07491111111111111
4 0.025566666666666668 0.2414888888888889 0.04507777777777778 0.09097777777777777
4 0.08466666666666667 0.3161777777777778 0.0655 0.04478888888888889
4 0.20953333333333335 0.30261111111111116 0.0930111111111111 0.05767777777777777
4 0.2233111111111111 0.07098888888888889 0.04056666666666667 0.04775555555555555
4 0.4668111111111111 0.2123888888888889 0.2431222222222222 0.2238888888888889
4 0.5581333333333334 0.07611111111111112 0.21687777777777778 0.13355555555555557
4 0.3974888888888889 0.5767111111111111 0.19337777777777776 0.15698888888888887
4 0.12043333333333334 0.4393222222222222 0.07926666666666667 0.06887777777777777
4 0.09577777777777778 0.5369111111111111 0.09659999999999999 0.055155555555555555
4 0.09444444444444444 0.3721888888888889 0.06726666666666667 0.05015555555555556
4 0.16087777777777776 0.6238222222222223 0.08013333333333333 0.05564444444444444
4 0.6070222222222222 0.39531111111111106 0.08354444444444444 0.060844444444444444
4 0.6467888888888889 0.4966777777777778 0.1142 0.0858
4 0.3286222222222222 0.4446777777777777 0.1534 0.1506777777777778
4 0.4517111111111111 0.4268888888888889 0.0884888888888889 0.15066666666666667
4 0.5405888888888889 0.4395444444444444 0.08845555555555555 0.08265555555555555
4 0.5572555555555555 0.5375777777777778 0.09067777777777777 0.07871111111111112
4 0.5996888888888889 0.6240555555555556 0.09111111111111111 0.0872111111111111
4 0.6996777777777778 0.5958222222222223 0.10439999999999999 0.09742222222222223
4 0.7014555555555555 0.41065555555555555 0.09018888888888889 0.08707777777777778
4 0.7307888888888889 0.5060111111111112 0.04217777777777778 0.06002222222222223
4 0.8865222222222222 0.5262666666666667 0.22476666666666667 0.24719999999999998
4 0.7205666666666667 0.16724444444444445 0.08395555555555556 0.07582222222222222
4 0.8158777777777777 0.12856666666666666 0.0746 0.060677777777777775
4 0.7707777777777778 0.2168111111111111 0.08661111111111111 0.09052222222222223
4 0.9505222222222223 0.1943666666666667 0.06833333333333333 0.06783333333333333
4 0.7914333333333333 0.06298888888888889 0.10571111111111112 0.08508888888888888
4 0.8421 0.22103333333333333 0.06481111111111111 0.05006666666666667
4 0.9087555555555555 0.2592777777777778 0.07367777777777779 0.14434444444444444
4 0.036011111111111105 0.4628888888888889 0.05262222222222222 0.07155555555555557
4 0.0329 0.5642555555555555 0.05528888888888889 0.07873333333333334