4 0.228173828125 0.18916666666666668 0.17521484375 0.18649739583333333
4 0.050146484375 0.11795572916666668 0.08609375 0.14825520833333333
4 0.125986328125 0.12946614583333335 0.101044921875 0.13218749999999999
4 0.34908203125 0.050872395833333334 0.172900390625 0.1017578125
4 0.40783203125 0.16180989583333333 0.18296875 0.1751953125
4 0.536552734375 0.28490885416666667 0.18326171875 0.23475260416666666
4 0.638427734375 0.080625 0.18517578125 0.16037760416666666
4 0.78537109375 0.22325520833333334 0.195869140625 0.1982421875
4 0.92265625 0.0751953125 0.1546875 0.150390625
4 0.348916015625 0.4429427083333333 0.22791015625 0.22095052083333333
4 0.242978515625 0.6454817708333334 0.2080859375 0.23975260416666666
4 0.064140625 0.7651041666666667 0.120595703125 0.3097135416666667
4 0.513447265625 0.5851302083333333 0.221669921875 0.2492578125
4 0.485126953125 0.8126302083333333 0.19759765625 0.2355078125
4 0.7023828125 0.5039453125 0.2056640625 0.2865494791666667
4 0.84509765625 0.3943098958333333 0.16232421875 0.17576822916666668
4 0.91859375 0.6014192708333334 0.162822265625 0.286171875
4 0.741103515625 0.8344140625 0.328671875 0.3311588541666667