4 0.14248387096774195 0.3557105943152455 0.14688709677419354 0.15069767441860465
4 0.04438709677419355 0.25746770025839794 0.08509677419354839 0.09204134366925064
4 0.3794032258064516 0.4696640826873385 0.11804838709677419 0.1503359173126615
4 0.28088709677419355 0.7880103359173126 0.20329032258064517 0.20997416020671836
4 0.5730483870967742 0.6826873385012919 0.19083870967741934 0.19310077519379845
4 0.4755 0.2454263565891473 0.13011290322580646 0.15405684754521964
4 0.6497903225806452 0.24801033591731267 0.18569354838709676 0.142015503875969
4 0.5894516129032258 0.3781136950904393 0.14298387096774196 0.17826873385012917
4 0.9234032258064516 0.5747545219638243 0.14153225806451614 0.13661498708010336
4 0.8568870967741935 0.6740568475452197 0.12408064516129033 0.12418604651162791
4 0.5288387096774193 0.8196640826873385 0.19111290322580643 0.17423772609819124