4 0.33063030844881536 0.16259701492537312 0.09394278050961109 0.07046268656716419
4 0.6151855163164953 0.17852985074626865 0.14450603486812696 0.16204477611940296
4 0.5926866338846669 0.4348283582089552 0.16805543138131426 0.16717910447761195
4 0.2044345105051408 0.41293283582089557 0.136593652212785 0.16317910447761194
4 0.3261600357621815 0.398 0.10288332588287886 0.15321641791044777
4 0.05098345999105945 0.3497313432835821 0.09790791238265535 0.1462238805970149
4 0.06766651765757711 0.5092313432835821 0.13127402771569066 0.14184328358208956
4 0.4082431828341529 0.6525597014925373 0.18658918194009833 0.14988805970149252
4 0.8605632543585159 0.7038283582089552 0.19717031738936075 0.2225820895522388
4 0.7492758158247653 0.2668582089552239 0.10274921770227984 0.08495522388059702
4 0.8592311130978989 0.3412537313432836 0.06636119803308001 0.05961940298507463
4 0.4787170317389361 0.901634328358209 0.12190433616450604 0.12565671641791046
4 0.20965131873044257 0.8829850746268657 0.13808225301743407 0.20278358208955224
4 0.17210549843540457 0.7202388059701492 0.12259722843093429 0.12604477611940298
4 0.04934286991506482 0.6664925373134328 0.09164953062136791 0.13795522388059703
4 0.2839964237818507 0.7346641791044777 0.08710326329906123 0.10514925373134329
4 0.33599463567277604 0.8416641791044776 0.0808314707197139 0.09028358208955224
4 0.6165310683951721 0.5948283582089553 0.08461332141260616 0.1538358208955224
4 0.38083594099240053 0.22928358208955224 0.08409476978095665 0.0844402985074627
4 0.6153375055878408 0.8439029850746268 0.11798837729101475 0.1296044776119403
4 0.38665176575771126 0.9272611940298507 0.06293696915511846 0.10228358208955224