4 0.29381666666666667 0.61193125 0.3356166666666667 0.12719375
4 0.6862583333333333 0.8691 0.3149416666666667 0.1832
4 0.08525833333333334 0.6285875 0.13516666666666666 0.0605125
4 0.07998333333333334 0.5268875 0.09684166666666666 0.040443749999999994
4 0.6049 0.6875625 0.09111666666666667 0.032625
4 0.6996 0.7244499999999999 0.11941666666666667 0.0355625
4 0.104425 0.69798125 0.07905833333333334 0.0451375
4 0.38604166666666667 0.5212625 0.07563333333333334 0.041693749999999995
4 0.9029083333333333 0.7719625000000001 0.05935833333333334 0.030593750000000003
4 0.45741666666666664 0.97625 0.12393333333333333 0.0475
4 0.2841166666666667 0.8469875 0.06622499999999999 0.0473125
4 0.18746666666666667 0.697775 0.09513333333333333 0.0322125
4 0.427425 0.6944374999999999 0.086175 0.025543749999999997