4 0.07070625 0.3153833333333333 0.14140625 0.12992499999999998
4 0.16640625 0.7755 0.11605 0.154325
4 0.26545 0.5925166666666667 0.09539375 0.09669166666666666
4 0.42541874999999996 0.5550166666666666 0.1528375 0.17169166666666666
4 0.6746 0.60815 0.12931875 0.14880833333333332
4 0.7909937499999999 0.508125 0.108975 0.16541666666666666
4 0.41214375 0.8226 0.14190625 0.20686666666666667
4 0.52071875 0.81385 0.14968125000000002 0.21436666666666668
4 0.77849375 0.6881666666666666 0.09648125 0.10884166666666668
4 0.29435625000000004 0.3020083333333334 0.087575 0.07400833333333333
4 0.48698125 0.42641666666666667 0.08220000000000001 0.06866666666666667
4 0.82098125 0.9280416666666668 0.1439625 0.14275000000000002
4 0.20701875 0.8926083333333334 0.13478125 0.130225
4 0.75678125 0.7992416666666667 0.087425 0.09349166666666667
4 0.52681875 0.6175333333333333 0.09 0.16340000000000002