4 0.190125 0.85334 0.14935 0.22588999999999998
4 0.57481875 0.29914999999999997 0.08373749999999999 0.10151
4 0.67955625 0.22453 0.07820624999999999 0.10026
4 0.73866875 0.34476999999999997 0.10393124999999999 0.11273999999999999
4 0.40397500000000003 0.43639999999999995 0.07954375 0.14401
4 0.1655125 0.29977 0.08261875 0.20274
4 0.3098625 0.31216000000000005 0.08381875000000001 0.10751999999999999
4 0.05490625 0.53944 0.09390000000000001 0.17808000000000002
4 0.13901249999999998 0.68987 0.099625 0.09495
4 0.5382 0.86513 0.073 0.10945999999999999
4 0.729175 0.87733 0.06493750000000001 0.09786
4 0.9361375 0.6802699999999999 0.08886875 0.12375
4 0.530825 0.4562 0.10574375 0.0916
4 0.60119375 0.49682 0.07898125 0.12884
4 0.532575 0.55444 0.10424375 0.13207
4 0.6483125 0.89715 0.08071249999999999 0.15749000000000002
4 0.239375 0.41519 0.06284375 0.09358
4 0.82578125 0.36257 0.07565625 0.09634999999999999