2 0.33108333333333334 0.9406666666666667 0.11283333333333334 0.07117777777777778
2 0.5621166666666666 0.9471777777777778 0.08916666666666667 0.055622222222222226
2 0.48613333333333336 0.8946444444444444 0.10388333333333333 0.06166666666666667
2 0.33918333333333334 0.8714777777777778 0.0814 0.047077777777777774
2 0.37584999999999996 0.9027444444444445 0.06903333333333334 0.04293333333333334
2 0.26415 0.8470333333333334 0.07896666666666667 0.05533333333333333
2 0.5578333333333333 0.7983111111111111 0.12821666666666667 0.069
2 0.7950333333333333 0.8360888888888889 0.0693 0.036611111111111115
2 0.85315 0.7948222222222222 0.07125 0.05566666666666667
2 0.9358000000000001 0.7878333333333333 0.06986666666666667 0.054400000000000004
2 0.6171333333333333 0.9408222222222222 0.10873333333333332 0.055622222222222226
2 0.5078 0.9819 0.09484999999999999 0.03618888888888889
2 0.7802833333333333 0.9826999999999999 0.10644999999999999 0.0346
2 0.34631666666666666 0.8008555555555555 0.06711666666666667 0.03598888888888889
2 0.34513333333333335 0.8322777777777777 0.06948333333333333 0.04168888888888889
2 0.25606666666666666 0.8257666666666668 0.09135 0.09533333333333333
2 0.5504333333333333 0.7459444444444445 0.07058333333333333 0.046799999999999994
2 0.38776666666666665 0.7267333333333332 0.08333333333333333 0.04966666666666667
2 0.47159999999999996 0.7157888888888889 0.06051666666666667 0.030944444444444445
2 0.6252333333333333 0.7076888888888888 0.09635 0.04966666666666667
2 0.5335166666666666 0.6832555555555555 0.05103333333333333 0.032544444444444445
2 0.5668666666666666 0.659611111111111 0.060583333333333336 0.02651111111111111
2 0.4401666666666667 0.6329444444444444 0.05478333333333333 0.02398888888888889
2 0.1877 0.6465888888888889 0.0451 0.032233333333333336
2 0.28106666666666663 0.7422888888888888 0.0604 0.036333333333333336
2 0.23938333333333334 0.7638777777777778 0.048466666666666665 0.0414
2 0.6330833333333333 0.6648444444444445 0.06920000000000001 0.03381111111111111
2 0.8279 0.710388888888889 0.06836666666666667 0.0392
2 0.9043666666666667 0.7059444444444445 0.10225000000000001 0.0557
2 0.9293666666666667 0.6564333333333333 0.09035 0.045566666666666665
2 0.5285333333333333 0.5994555555555555 0.12200000000000001 0.06812222222222222
2 0.31511666666666666 0.6500888888888889 0.07613333333333333 0.045566666666666665
2 0.2589166666666667 0.645 0.07801666666666666 0.0608
2 0.07980000000000001 0.7313444444444445 0.06265000000000001 0.0303
2 0.1534 0.5962777777777778 0.09079999999999999 0.06176666666666667
2 0.4825666666666667 0.8455999999999999 0.09196666666666667 0.05565555555555556
2 0.7235833333333332 0.6902333333333334 0.07878333333333334 0.0465
2 0.7762333333333333 0.6462777777777777 0.08406666666666666 0.05064444444444444
2 0.43778333333333336 0.6699222222222222 0.09765 0.04396666666666667
2 0.34131666666666666 0.5769222222222222 0.06186666666666666 0.029400000000000003
2 0.39205 0.5721555555555556 0.04426666666666666 0.038922222222222226
2 0.6857166666666666 0.6273888888888889 0.05541666666666667 0.0224
2 0.49770000000000003 0.40313333333333334 0.9270166666666667 0.18657777777777776