2 0.21406999999999998 0.5350674662668665 0.11069 0.15137931034482757
2 0.42713999999999996 0.26314842578710645 0.11683 0.15328335832083959
2 0.51997 0.23496251874062968 0.09448000000000001 0.1568815592203898
2 0.49756 0.3704647676161919 0.11367000000000001 0.21200899550224886
2 0.56678 0.3434932533733134 0.08411 0.14605697151424288
2 0.69943 0.47569715142428787 0.1134 0.18857571214392804
2 0.38933 0.48829085457271365 0.12521 0.17778110944527736
2 0.37172000000000005 0.7404197901049475 0.12199 0.19628185907046475
2 0.43013999999999997 0.6903598200899551 0.09481999999999999 0.1621289355322339
2 0.6464099999999999 0.658575712143928 0.12337000000000001 0.18251874062968515
2 0.80306 0.910704647676162 0.10467 0.1530584707646177
2 0.59038 0.5599550224887556 0.05932 0.11119940029985008
2 0.656 0.7536281859070465 0.06256 0.10274362818590704