2 0.7493917112299465 0.7279500891265597 0.2627673796791444 0.3079500891265597
2 0.39608957219251334 0.7211229946524065 0.1310360962566845 0.21705882352941175
2 0.2661497326203209 0.8931194295900179 0.13407085561497326 0.1391800356506239
2 0.24296122994652408 0.5037076648841354 0.08769385026737968 0.09118538324420677
2 0.35701203208556154 0.41810160427807486 0.06332219251336899 0.09394830659536542
2 0.30057486631016045 0.4523172905525847 0.07344919786096256 0.1053475935828877
2 0.5501270053475936 0.45748663101604276 0.0752139037433155 0.09786096256684491
2 0.6415975935828877 0.44019607843137254 0.07634358288770053 0.10962566844919786
2 0.4880748663101604 0.6488948306595365 0.10084893048128342 0.1170409982174688
2 0.7443114973262032 0.2455793226381462 0.1020922459893048 0.1282263814616756
2 0.1984024064171123 0.3033244206773618 0.05091577540106952 0.09256684491978609
2 0.07710561497326203 0.38102495543672016 0.051637700534759357 0.11962566844919786
2 0.7261163101604278 0.4532085561497326 0.052860962566844916 0.1035650623885918
2 0.8106417112299465 0.35340463458110516 0.09356951871657754 0.13211229946524064
2 0.6005347593582887 0.5560427807486631 0.04502673796791444 0.06325311942959001
2 0.47189839572192516 0.852415329768271 0.11395053475935829 0.2174866310160428
2 0.40568850267379675 0.24789661319073084 0.04302807486631016 0.06370766488413547
2 0.5335360962566844 0.2548484848484848 0.042038770053475935 0.06691622103386809
2 0.6426671122994652 0.34270944741532977 0.05708556149732621 0.11073083778966132
2 0.9388770053475936 0.3614260249554367 0.08266711229946525 0.06973262032085562
2 0.9173462566844919 0.45499108734402854 0.0850601604278075 0.11069518716577541
2 0.7824197860962567 0.5485561497326203 0.12803475935828876 0.10887700534759358
2 0.8575668449197862 0.2842513368983957 0.05907754010695187 0.0758199643493761
2 0.6294117647058823 0.263048128342246 0.04662433155080214 0.07262032085561498
2 0.9788502673796791 0.29868983957219253 0.04229946524064171 0.07260249554367201
2 0.8821724598930482 0.7363903743315509 0.07620989304812835 0.2207397504456328
2 0.578596256684492 0.3567914438502674 0.04124331550802139 0.05333333333333334
2 0.03824197860962567 0.5351782531194296 0.0728409090909091 0.15698752228163992
2 0.05910427807486631 0.2974420677361854 0.06108288770053476 0.05940285204991088
2 0.12235962566844921 0.3031372549019608 0.06727941176470588 0.09932263814616756
2 0.21864304812834223 0.3892245989304813 0.04594251336898396 0.07540998217468806
2 0.01431818181818182 0.38245098039215686 0.028643048128342247 0.0832620320855615
2 0.38126336898395724 0.1951336898395722 0.03962566844919786 0.07583778966131907
2 0.37925133689839574 0.3639126559714795 0.03294117647058824 0.060454545454545455