2 0.09463076923076923 0.7775966562173459 0.03664615384615385 0.03690700104493208
2 0.03519230769230769 0.7278369905956112 0.029300000000000003 0.034054336468129574
2 0.07000769230769231 0.7689759665621734 0.025853846153846154 0.02490073145245559
2 0.052599999999999994 0.8014942528735632 0.023730769230769232 0.035078369905956114
2 0.05817692307692307 0.8300940438871474 0.03873846153846154 0.04263322884012539
2 0.08655384615384615 0.8635318704284222 0.03586923076923077 0.046802507836990595
2 0.15176153846153845 0.8189968652037617 0.023984615384615385 0.03350052246603971
2 0.10983076923076923 0.6394252873563218 0.040115384615384615 0.03748171368861024
2 0.2060153846153846 0.8865099268547544 0.040176923076923075 0.04053291536050157
2 0.1689846153846154 0.7785161964472309 0.03726923076923077 0.04134796238244514
2 0.24718461538461536 0.8439393939393939 0.06098461538461539 0.05464994775339602
2 0.3998230769230769 0.8406792058516196 0.029723076923076925 0.040282131661442004
2 0.28026923076923077 0.8903030303030303 0.05023076923076923 0.0454858934169279
2 0.2422846153846154 0.7727586206896552 0.1031076923076923 0.10298850574712644
2 0.4889923076923077 0.8038453500522466 0.033053846153846156 0.05544409613375131
2 0.4541692307692307 0.8650992685475444 0.03649230769230769 0.04993730407523511
2 0.4881230769230769 0.8512539184952977 0.040938461538461535 0.03793103448275862
2 0.012484615384615386 0.7952246603970742 0.02235384615384615 0.03298850574712644
2 0.4299923076923077 0.8089237199582027 0.02116923076923077 0.03190177638453501
2 0.7823307692307692 0.8844827586206897 0.027769230769230772 0.034106583072100315
2 0.8959692307692307 0.8725914315569488 0.025246153846153845 0.02863113897596656
2 0.9546 0.8746812957157786 0.03576923076923077 0.032810867293625916
2 0.7371692307692308 0.8045559038662488 0.02110769230769231 0.025778474399164055
2 0.6857076923076922 0.8232288401253919 0.02396153846153846 0.02917450365726228
2 0.8288307692307693 0.7354127481713688 0.017892307692307693 0.022016718913270637
2 0.7203384615384616 0.7228004179728318 0.020130769230769233 0.024242424242424242
2 0.7365461538461539 0.7624346917450365 0.024661538461538464 0.03167189132706374
2 0.7645307692307692 0.7273772204806688 0.017176923076923076 0.02554858934169279
2 0.7796384615384615 0.7639393939393939 0.022384615384615385 0.02553814002089864
2 0.9352923076923078 0.844440961337513 0.029853846153846154 0.029791013584117034
2 0.8483846153846154 0.8176071055381401 0.020469230769230767 0.016614420062695926
2 0.9131692307692307 0.7423824451410659 0.020223076923076923 0.02290491118077325
2 0.9059076923076923 0.7083594566353186 0.027815384615384613 0.029320794148380354