2 0.5098095238095238 0.686556741028128 0.05656190476190476 0.053031037827352086
2 0.1496920634920635 0.8662027158098933 0.06013968253968254 0.05830261881668283
2 0.03838730158730159 0.6773423860329777 0.05657460317460318 0.06370029097963142
2 0.15937777777777778 0.9645974781765276 0.06363809523809524 0.07080504364694472
2 0.32943492063492064 0.9282638215324927 0.06406666666666666 0.10483026188166829
2 0.39485396825396823 0.8436566440349175 0.06792063492063492 0.07625121241513094
2 0.3934253968253968 0.7112803103782736 0.06823809523809524 0.09278370514064015
2 0.3843714285714286 0.6162463627546072 0.0533047619047619 0.07729873908826382
2 0.4274 0.6036372453928225 0.04094920634920635 0.07148399612027158
2 0.45979047619047614 0.5939379243452958 0.04223809523809524 0.07148884578079534
2 0.5110761904761905 0.6060620756547042 0.0336984126984127 0.06663433559650825
2 0.5406126984126984 0.6356401551891367 0.04832698412698412 0.05789524733268671
2 0.4655079365079365 0.7023132880698352 0.05367619047619048 0.07969447138700292
2 0.5077460317460317 0.7500727449078565 0.0556095238095238 0.07337536372453929
2 0.46582857142857137 0.8118962172647916 0.060663492063492065 0.08547526673132881
2 0.43343809523809523 0.9645974781765276 0.07207301587301587 0.07080504364694472
2 0.6641492063492064 0.9682347235693501 0.08587936507936507 0.0635305528612997
2 0.6643047619047618 0.7318913676042678 0.057615873015873016 0.07095538312318138
2 0.7019365079365079 0.7027934044616877 0.0662126984126984 0.09036372453928225
2 0.851031746031746 0.7374636275460719 0.06281904761904762 0.06756062075654705
2 0.8313428571428572 0.5532104752667314 0.061533333333333336 0.06762366634335597
2 0.8437269841269841 0.4698108632395732 0.05455555555555555 0.056013579049466536
2 0.3461015873015873 0.46690106692531524 0.030733333333333335 0.050198836081474296
2 0.37992063492063494 0.46690106692531524 0.031707936507936504 0.050198836081474296
2 0.4439111111111111 0.45550921435499514 0.03587936507936508 0.06135305528612997
2 0.4401047619047619 0.5095732298739089 0.053660317460317464 0.05793889427740058
2 0.49218095238095233 0.5081183317167798 0.04353015873015873 0.045334626576139674
2 0.5569650793650793 0.5105431619786615 0.04611428571428571 0.059878758486905916
2 0.552520634920635 0.5505431619786615 0.04992063492063492 0.05743937924345296
2 0.639215873015873 0.49235693501454897 0.05188253968253968 0.057463627546071774
2 0.9299460317460317 0.5061736178467507 0.06509206349206349 0.08024733268671193
2 0.8808825396825397 0.6230310378273521 0.05902539682539683 0.07147914645974782
2 0.26972698412698415 0.4744180407371484 0.033542857142857145 0.05067895247332687
2 0.02631746031746032 0.5852133850630457 0.04513333333333333 0.07342870999030068
2 0.022663492063492063 0.5066634335596508 0.034650793650793654 0.07151794374393793
2 0.0348952380952381 0.7658292919495636 0.06863809523809523 0.08064500484966051
2 0.07013968253968254 0.7137051406401552 0.04389206349206349 0.06854025218234724
2 0.15635555555555555 0.6453394762366634 0.029022222222222224 0.0772890397672163
2 0.16573333333333332 0.5595101842870999 0.07634603174603175 0.10932104752667313
2 0.4628095238095238 0.921721629485936 0.06415238095238096 0.06749757516973812
2 0.15095873015873015 0.4620562560620757 0.03727619047619048 0.04049951503394763
2 0.22495555555555555 0.4344131910766246 0.06463492063492063 0.05311833171677983
2 0.5225079365079366 0.4351406401551891 0.04386666666666667 0.059422890397672165
2 0.7500444444444444 0.4722356935014549 0.05132063492063492 0.07056256062075655
2 0.2696222222222222 0.3323375363724539 0.36666666666666664 0.16419010669253153