2 0.2364516129032258 0.8758002936857562 0.049227761485826 0.058487518355359765
2 0.28900293255131965 0.8849779735682819 0.04193548387096774 0.0695007342143906
2 0.18425219941348975 0.8743318649045521 0.04993157380254154 0.07023494860499266
2 0.2019843597262952 0.8214684287812041 0.06339198435972629 0.052643171806167406
2 0.3166275659824047 0.8113803230543318 0.03363636363636363 0.04346549192364171
2 0.3436461388074291 0.8418502202643171 0.046129032258064515 0.05299559471365639
2 0.3993743890518084 0.7165051395007342 0.030518084066471163 0.06295154185022026
2 0.3172434017595308 0.9709985315712188 0.061749755620723365 0.05800293685756241
2 0.22532746823069402 0.9550807635829662 0.053870967741935484 0.07020558002936858
2 0.1287683284457478 0.9337885462555066 0.061143695014662755 0.07168869309838473
2 0.17789833822091888 0.9645814977973568 0.05677419354838709 0.07085168869309838
2 0.3486510263929619 0.9216740088105726 0.043929618768328446 0.054801762114537446
2 0.480058651026393 0.9337885462555066 0.08434995112414467 0.10105726872246695
2 0.5104789833822092 0.6557562408223201 0.0352297165200391 0.02590308370044053
2 0.7312316715542522 0.8310132158590308 0.04173020527859237 0.0570337738619677
2 0.7890420332355816 0.946446402349486 0.04739002932551319 0.07866372980910426
2 0.6671847507331378 0.944977973568282 0.06026392961876833 0.09039647577092512
2 0.7455327468230694 0.9156240822320117 0.04833822091886608 0.07572687224669604
2 0.7683870967741935 0.85431718061674 0.04762463343108504 0.06327459618208517
2 0.25539589442815247 0.7568722466960351 0.04068426197458455 0.05559471365638766
2 0.4777321603128055 0.826798825256975 0.047917888563049855 0.044933920704845816
2 0.572336265884653 0.8372540381791482 0.046520039100684266 0.04748898678414097
2 0.6061876832844575 0.8770778267254038 0.05313782991202346 0.06472834067547724
2 0.3308015640273705 0.7702643171806167 0.032668621700879766 0.04935389133627019
2 0.13988269794721406 0.8240381791483112 0.03695014662756598 0.07979441997063143
2 0.5213587487781036 0.7495301027900146 0.025219941348973606 0.04092511013215859
2 0.6212218963831867 0.7728340675477239 0.04654936461388074 0.06183553597650514
2 0.6629032258064516 0.8427606461086636 0.04926686217008797 0.05116005873715125
2 0.7031182795698925 0.7275183553597651 0.029491691104594334 0.04092511013215859
2 0.7851319648093842 0.7289867841409692 0.02978494623655914 0.043861967694566815
2 0.7366080156402737 0.7788986784140969 0.03293255131964809 0.04091042584434655
2 0.6690615835777126 0.7917767988252571 0.0439980449657869 0.04716593245227606
2 0.34386119257087 0.7357709251101322 0.041554252199413486 0.09878120411160059
2 0.06113391984359726 0.958575624082232 0.04583577712609971 0.08286343612334801
2 0.09619745845552297 0.880704845814978 0.05173020527859238 0.09076358296622614
2 0.14117302052785924 0.7584287812041116 0.05790811339198436 0.06019089574155654
2 0.9524437927663735 0.9591336270190896 0.06923753665689149 0.0817474302496329
2 0.9086021505376344 0.8292364170337739 0.04998044965786901 0.06180616740088106
2 0.8673704789833823 0.7670925110132158 0.03594330400782014 0.045183553597650514
2 0.8525415444770283 0.9501174743024963 0.06820136852394916 0.07839941262848751
2 0.9323949169110459 0.8847870778267254 0.05195503421309873 0.060323054331864905
2 0.9727663734115347 0.8987371512481644 0.05447702834799609 0.08331864904552129
2 0.7127077223851418 0.6868281938325992 0.02964809384164223 0.04130690161527166
2 0.6632649071358748 0.5671659324522761 0.6215249266862171 0.041835535976505134
2 0.28948191593352884 0.6263729809104258 0.08575757575757575 0.15045521292217326
2 0.8183284457478006 0.6547577092511013 0.12358748778103618 0.12891336270190898
2 0.9403910068426198 0.7323201174743025 0.11682306940371456 0.27913362701908956