2 0.4131666666666667 0.5933999999999999 0.03664 0.05279
2 0.44784666666666667 0.63439 0.03488666666666666 0.04811
2 0.5018666666666667 0.67472 0.03181333333333333 0.05543
2 0.3571533333333333 0.53374 0.04016666666666667 0.06014
2 0.27501333333333333 0.51758 0.033666666666666664 0.04449
2 0.25711333333333336 0.59973 0.02676 0.04546
2 0.2619 0.64755 0.03854666666666667 0.05111
2 0.2998 0.64455 0.04101333333333333 0.051770000000000004
2 0.34736666666666666 0.6387200000000001 0.03838 0.06344
2 0.5643266666666666 0.60856 0.03674 0.059789999999999996
2 0.5341 0.64039 0.0385 0.06011
2 0.5627733333333333 0.68838 0.038073333333333334 0.04943
2 0.4720933333333333 0.75825 0.04722 0.0877
2 0.10758666666666666 0.63226 0.09953333333333333 0.14773
2 0.4840933333333333 0.4525 0.03389333333333334 0.05621
2 0.53598 0.4687 0.03899333333333333 0.0686
2 0.6158733333333333 0.48610000000000003 0.05212000000000001 0.07539
2 0.6868466666666666 0.70626 0.13005333333333335 0.11170999999999999
2 0.8232733333333334 0.71186 0.053586666666666664 0.07490999999999999
2 0.18258 0.6654800000000001 0.046860000000000006 0.05416
2 0.31301999999999996 0.5335 0.03574 0.06221
2 0.05747333333333333 0.43832 0.03664 0.04784
2 0.03693333333333333 0.6236900000000001 0.04356666666666666 0.07057
2 0.24753333333333333 0.5507000000000001 0.030093333333333333 0.040600000000000004
2 0.28848 0.60309 0.02932 0.04139
2 0.47894 0.60589 0.03691333333333333 0.054979999999999994
2 0.77852 0.6360800000000001 0.04407333333333333 0.07934999999999999
2 0.8793533333333333 0.55829 0.04307333333333333 0.03978
2 0.9769066666666666 0.4685 0.04618666666666667 0.1202
2 0.9795733333333333 0.64227 0.04085333333333333 0.07975
2 0.9499066666666666 0.56129 0.05352 0.11377
2 0.9090933333333334 0.60468 0.04122 0.05257
2 0.8910933333333334 0.66067 0.06655333333333333 0.10054
2 0.7575799999999999 0.86384 0.04752666666666667 0.07487
2 0.7182333333333333 0.5215 0.030160000000000003 0.046200000000000005