2 0.208575 0.18518333333333334 0.25579999999999997 0.1137
2 0.528675 0.08575833333333333 0.196 0.08151666666666667
2 0.44738750000000005 0.20407499999999998 0.1250875 0.06259166666666667
2 0.5149374999999999 0.44651666666666673 0.27685 0.186375
2 0.3031875 0.5873333333333333 0.22002500000000003 0.14022500000000002
2 0.281525 0.7200916666666667 0.2766875 0.150175
2 0.72125 0.7642416666666667 0.2978125 0.1996
2 0.5266 0.7914666666666667 0.2335 0.17625833333333332
2 0.7846 0.461525 0.2245 0.1386
2 0.932 0.3796 0.1359875 0.058083333333333334
2 0.058175 0.41680833333333334 0.1163375 0.12140000000000001
2 0.192725 0.5120750000000001 0.1407625 0.07304166666666667
2 0.526175 0.9100666666666666 0.17431249999999998 0.06345833333333334