5 0.31346666666666667 0.37202380952380953 0.31293333333333334 0.6755952380952381
5 0.1413 0.20202380952380952 0.12693333333333331 0.1942261904761905
5 0.12796666666666667 0.4218452380952381 0.15026666666666666 0.28422619047619047
5 0.5931000000000001 0.3895238095238095 0.0972 0.21208333333333335
5 0.6714666666666667 0.8024404761904762 0.10393333333333334 0.2194642857142857
5 0.7098333333333333 0.6726190476190477 0.0973 0.20535714285714285
5 0.7733666666666666 0.8035714285714286 0.0869 0.13988095238095238
5 0.749 0.9300595238095238 0.09230000000000001 0.13988095238095238
5 0.8573666666666666 0.8366666666666667 0.08573333333333333 0.2760714285714286
5 0.9597666666666667 0.7261904761904762 0.0805 0.19345238095238096
5 0.8257 0.5130357142857143 0.07903333333333333 0.13166666666666668
5 0.7573333333333333 0.3961904761904762 0.07563333333333334 0.15107142857142858
5 0.6439666666666667 0.42523809523809525 0.08226666666666667 0.1942261904761905
5 0.729 0.13470238095238093 0.08563333333333334 0.15625
5 0.8711 0.3270238095238095 0.061533333333333336 0.1167857142857143
5 0.9509333333333333 0.3073214285714286 0.07536666666666667 0.14434523809523808