5 0.36764150943396223 0.5058227848101265 0.15827044025157233 0.4688607594936709
5 0.47292452830188675 0.2848101265822785 0.1449056603773585 0.2627848101265823
5 0.5682389937106918 0.41063291139240504 0.12927672955974842 0.27848101265822783
5 0.47367924528301886 0.5544303797468354 0.12125786163522013 0.3027848101265823
5 0.5716352201257862 0.6217721518987341 0.14864779874213838 0.2855696202531645
5 0.6536477987421384 0.7645569620253164 0.14157232704402517 0.28759493670886077
5 0.5613207547169812 0.8711392405063291 0.1129559748427673 0.25772151898734175
5 0.42160377358490564 0.8863291139240506 0.12279874213836477 0.22734177215189874
5 0.32059748427672957 0.8184810126582278 0.200062893081761 0.30936708860759493
5 0.2358490566037736 0.5627848101265823 0.15226415094339624 0.26582278481012656
5 0.20415094339622641 0.35341772151898737 0.11305031446540881 0.17417721518987342
5 0.10226415094339623 0.529367088607595 0.1759748427672956 0.3083544303797468
5 0.07374213836477987 0.850886075949367 0.14654088050314465 0.2982278481012658
5 0.15962264150943395 0.7994936708860759 0.10955974842767296 0.22582278481012658
5 0.2139622641509434 0.13468354430379748 0.14776729559748428 0.26329113924050634
5 0.13635220125786163 0.21139240506329113 0.1460377358490566 0.1989873417721519
5 0.3241194968553459 0.15746835443037974 0.14874213836477987 0.3149367088607595
5 0.42877358490566037 0.11240506329113925 0.11449685534591193 0.2187341772151899
5 0.5571698113207547 0.09164556962025316 0.10716981132075472 0.18329113924050633
5 0.7338679245283019 0.220253164556962 0.1662264150943396 0.34329113924050636
5 0.7941194968553459 0.06531645569620254 0.14833333333333334 0.13063291139240507
5 0.7074528301886792 0.4546835443037975 0.15867924528301888 0.27544303797468356
5 0.775251572327044 0.5774683544303797 0.1659433962264151 0.31341772151898734
5 0.9027987421383648 0.5549367088607595 0.10402515723270439 0.23291139240506328
5 0.8722327044025158 0.7437974683544304 0.11081761006289309 0.2562025316455696
5 0.7387735849056604 0.8415189873417722 0.12823899371069183 0.2794936708860759
5 0.8282075471698114 0.9154430379746834 0.10833333333333334 0.1691139240506329
5 0.9505345911949685 0.9040506329113924 0.0989308176100629 0.1918987341772152