5 0.20873188405797102 0.46491803278688526 0.19855072463768114 0.2985792349726776
5 0.30192028985507247 0.1255737704918033 0.2442391304347826 0.23699453551912567
5 0.30594202898550726 0.3023497267759563 0.13721014492753622 0.2176502732240437
5 0.4244927536231884 0.38169398907103824 0.11851449275362319 0.2028415300546448
5 0.34945652173913044 0.574535519125683 0.13894927536231885 0.20278688524590163
5 0.22557971014492753 0.7120765027322404 0.13416666666666668 0.1692896174863388
5 0.3144927536231884 0.863551912568306 0.17134057971014494 0.27289617486338796
5 0.4409057971014493 0.7326775956284154 0.1471014492753623 0.21043715846994535
5 0.47329710144927534 0.8859562841530054 0.12666666666666668 0.17628415300546446
5 0.5082971014492753 0.5321311475409836 0.1625 0.24650273224043714
5 0.5801086956521739 0.7053551912568307 0.1484782608695652 0.13650273224043716
5 0.6089130434782609 0.5144262295081967 0.10797101449275362 0.20469945355191257
5 0.7020652173913043 0.6722404371584699 0.08543478260869565 0.19245901639344262
5 0.5440942028985507 0.30617486338797817 0.16594202898550722 0.22535519125683062