5 0.26100961538461537 0.3939094650205761 0.2012980769230769 0.14893004115226335
5 0.44673076923076926 0.3332098765432099 0.20500000000000002 0.10164609053497942
5 0.35745192307692303 0.5075720164609053 0.13822115384615385 0.13139917695473252
5 0.12663461538461537 0.5353497942386831 0.14769230769230768 0.1334567901234568
5 0.23091346153846154 0.5178600823045267 0.14115384615384616 0.11905349794238683
5 0.5032211538461538 0.5826748971193416 0.1545673076923077 0.10465020576131687
5 0.120625 0.43094650205761315 0.1308653846153846 0.09954732510288067
5 0.7274999999999999 0.32732510288065847 0.14870192307692306 0.1340329218106996
5 0.6403365384615385 0.37823045267489713 0.1787019230769231 0.12271604938271605
5 0.47951923076923075 0.45304526748971197 0.18759615384615386 0.15407407407407406
5 0.6625480769230769 0.5106584362139918 0.1630769230769231 0.14580246913580247
5 0.3072596153846154 0.2 0.15682692307692306 0.10477366255144033
5 0.3312980769230769 0.2905349794238683 0.11355769230769232 0.11707818930041151
5 0.5828846153846153 0.2568312757201646 0.17807692307692308 0.1268724279835391
5 0.7975 0.5648971193415638 0.13850961538461537 0.17716049382716048
5 0.791201923076923 0.4162962962962963 0.13192307692307692 0.0959670781893004
5 0.8038461538461538 0.25967078189300413 0.16918269230769228 0.11707818930041151
5 0.6848076923076923 0.21674897119341566 0.12341346153846154 0.08777777777777777
5 0.46870192307692304 0.17378600823045265 0.14192307692307693 0.07905349794238684