5 0.08452173913043479 0.21716894977168952 0.13830434782608694 0.12378995433789954
5 0.2564782608695652 0.2036986301369863 0.11508695652173913 0.12634703196347033
5 0.4223913043478261 0.2100456621004566 0.14256521739130434 0.12986301369863015
5 0.5948260869565217 0.22118721461187213 0.12995652173913044 0.1319178082191781
5 0.7503478260869566 0.21105022831050227 0.13182608695652173 0.11159817351598174
5 0.9140869565217392 0.2100456621004566 0.14047826086956522 0.1501826484018265
5 0.9194347826086956 0.4327853881278539 0.14143478260869566 0.1593150684931507
5 0.7546956521739131 0.4168036529680365 0.13086956521739132 0.12228310502283106
5 0.5779130434782608 0.42210045662100454 0.1251304347826087 0.1278538812785388
5 0.41804347826086957 0.4292237442922374 0.16282608695652176 0.12178082191780823
5 0.2497391304347826 0.4269406392694064 0.1286086956521739 0.13442922374429225
5 0.08478260869565217 0.4157990867579909 0.13395652173913042 0.1202283105022831
5 0.08330434782608696 0.6506849315068494 0.08278260869565217 0.11315068493150686
5 0.7535217391304347 0.8708675799086758 0.15260869565217391 0.16794520547945205
5 0.8798260869565218 0.8236986301369862 0.042913043478260866 0.04310502283105023
5 0.925695652173913 0.8485388127853882 0.04773913043478261 0.04210045662100457
5 0.9121739130434783 0.9031050228310502 0.059304347826086956 0.0547945205479452
5 0.8957391304347827 0.62 0.08443478260869566 0.07712328767123287
5 0.897695652173913 0.6844292237442922 0.08830434782608695 0.05378995433789954
5 0.9469565217391305 0.6808675799086759 0.07091304347826087 0.05680365296803653
5 0.7723478260869565 0.6210045662100456 0.084 0.05885844748858448
5 0.7692173913043477 0.6715068493150685 0.08256521739130435 0.06342465753424657
5 0.5798695652173913 0.6448401826484018 0.129 0.11671232876712329
5 0.4091304347826087 0.6410502283105022 0.13047826086956524 0.12429223744292237
5 0.24682608695652175 0.646392694063927 0.1343913043478261 0.12986301369863015
5 0.5825217391304347 0.8637899543378995 0.1391304347826087 0.13342465753424657
5 0.37217391304347824 0.8351141552511415 0.042086956521739126 0.04059360730593608
5 0.37795652173913047 0.8886301369863014 0.05369565217391304 0.05123287671232877
5 0.41200000000000003 0.8673059360730594 0.03969565217391305 0.04922374429223744
5 0.441 0.8713698630136987 0.03965217391304347 0.03703196347031963
5 0.25069565217391304 0.8784931506849314 0.12282608695652174 0.11214611872146119
5 0.06978260869565217 0.8693607305936072 0.07504347826086957 0.09388127853881278
5 0.12269565217391304 0.8414611872146118 0.06973913043478261 0.0684931506849315