5 0.1970909090909091 0.3754644808743169 0.26432727272727274 0.3188524590163935
5 0.15814545454545456 0.13885245901639345 0.21207272727272727 0.2571584699453552
5 0.33854545454545454 0.11699453551912568 0.20065454545454545 0.23398907103825137
5 0.4209090909090909 0.29120218579234974 0.19683636363636364 0.3073224043715847
5 0.5736727272727272 0.17901639344262293 0.1960727272727273 0.30535519125683064
5 0.8126909090909091 0.1610382513661202 0.22490909090909092 0.26934426229508196
5 0.7390909090909091 0.3046994535519126 0.21458181818181818 0.25459016393442624
5 0.7136363636363636 0.53775956284153 0.22785454545454545 0.30278688524590164
5 0.8642545454545454 0.5953005464480874 0.16974545454545453 0.3471584699453552
5 0.7904363636363636 0.8763934426229508 0.23174545454545453 0.24721311475409838
5 0.6237454545454546 0.7753005464480874 0.18498181818181816 0.3471584699453552
5 0.5086545454545455 0.5008196721311475 0.25425454545454546 0.273879781420765
5 0.33039999999999997 0.6055737704918033 0.22716363636363637 0.2648633879781421
5 0.15021818181818183 0.645464480874317 0.20050909090909091 0.267431693989071
5 0.2726181818181818 0.8555191256830601 0.20574545454545454 0.2889617486338798
5 0.4767636363636364 0.8330054644808743 0.22898181818181818 0.3339890710382514