5 0.31879069767441864 0.47297872340425534 0.22269767441860466 0.2108936170212766
5 0.3624186046511628 0.29723404255319147 0.20525581395348838 0.14127659574468085
5 0.5037209302325582 0.42940425531914894 0.173953488372093 0.18748936170212768
5 0.5915348837209302 0.307063829787234 0.1751627906976744 0.15561702127659574
5 0.6811162790697675 0.47697872340425534 0.1682325581395349 0.18161702127659574
5 0.7570232558139535 0.29136170212765955 0.1514418604651163 0.16148936170212766
5 0.8462790697674418 0.427531914893617 0.14976744186046512 0.15719148936170213
5 0.8799999999999999 0.282595744680851 0.1474418604651163 0.1492340425531915
5 0.5889302325581396 0.17038297872340424 0.1757674418604651 0.12693617021276596
5 0.7331627906976744 0.16693617021276594 0.1386046511627907 0.12536170212765957
5 0.48451162790697677 0.10259574468085106 0.17046511627906977 0.13493617021276597
5 0.40195348837209305 0.15523404255319148 0.19134883720930232 0.14451063829787233
5 0.27051162790697675 0.13846808510638298 0.13772093023255813 0.10570212765957447
5 0.21232558139534882 0.25493617021276593 0.14237209302325582 0.11523404255319149
5 0.1152093023255814 0.2857872340425532 0.1550697674418605 0.12157446808510639
5 0.12627906976744185 0.46582978723404256 0.19813953488372094 0.19119148936170213