5 0.13285714285714284 0.20143589743589743 0.2427027027027027 0.27066666666666667
5 0.3815444015444015 0.16441025641025642 0.2467181467181467 0.2991282051282051
5 0.6218532818532818 0.16241025641025642 0.23656370656370657 0.31225641025641027
5 0.8643243243243244 0.17266666666666666 0.22555984555984557 0.28717948717948716
5 0.13884169884169884 0.5128205128205128 0.2547104247104247 0.29517948717948717
5 0.3712355212355213 0.49543589743589744 0.26046332046332044 0.3116923076923077
5 0.6079150579150578 0.523948717948718 0.24042471042471045 0.34584615384615386
5 0.8673359073359073 0.5096923076923077 0.24015444015444015 0.306
5 0.8748262548262549 0.829076923076923 0.22513513513513514 0.3008717948717949
5 0.6132818532818533 0.8347692307692308 0.24687258687258687 0.31225641025641027
5 0.3924710424710425 0.8267692307692308 0.23857142857142857 0.2734871794871795
5 0.13741312741312742 0.8378974358974358 0.2747876447876448 0.3242051282051282