5 0.4507960199004975 0.5714741035856573 0.1281592039800995 0.10609561752988048
5 0.3192537313432836 0.489800796812749 0.15741293532338307 0.10211155378486056
5 0.14114427860696518 0.4800796812749004 0.13074626865671643 0.05776892430278884
5 0.42840796019900496 0.4155776892430279 0.15800995024875622 0.10306772908366535
5 0.5745273631840796 0.4088844621513944 0.16417910447761194 0.12450199203187251
5 0.6733830845771144 0.540597609561753 0.10074626865671642 0.10410358565737052
5 0.7249751243781094 0.46115537848605576 0.11686567164179104 0.099601593625498
5 0.8129850746268656 0.48880478087649404 0.07517412935323382 0.10011952191235059
5 0.6777114427860697 0.3249402390438247 0.17159203980099502 0.10111553784860558
5 0.8167164179104477 0.31274900398406374 0.10751243781094527 0.10159362549800798
5 0.5213432835820896 0.30852589641434264 0.1262686567164179 0.11800796812749004
5 0.33791044776119405 0.32171314741035856 0.14497512437810944 0.0796812749003984
5 0.36218905472636814 0.2502390438247012 0.13129353233830846 0.09115537848605577
5 0.47069651741293533 0.17354581673306774 0.14308457711442787 0.11705179282868526
5 0.2577114427860696 0.24278884462151393 0.12139303482587065 0.08617529880478088
5 0.19925373134328356 0.32095617529880477 0.1537313432835821 0.07318725099601595
5 0.10258706467661692 0.3754980079681275 0.1282587064676617 0.06772908366533864