5 0.4401090909090909 0.22054644808743168 0.15174545454545454 0.22054644808743168
5 0.5234181818181818 0.4391256830601093 0.15967272727272727 0.2166120218579235
5 0.40905454545454545 0.4110928961748634 0.11607272727272729 0.2250273224043716
5 0.5597818181818182 0.7282513661202187 0.13981818181818184 0.2185792349726776
5 0.10974545454545455 0.505464480874317 0.12243636363636365 0.19524590163934424
5 0.7166181818181818 0.06907103825136612 0.13283636363636364 0.13808743169398907
5 0.7632 0.34453551912568303 0.12687272727272728 0.1912568306010929
5 0.8559272727272728 0.9187978142076502 0.12385454545454547 0.16245901639344262
5 0.7085090909090909 0.953551912568306 0.11992727272727272 0.09289617486338798
5 0.33847272727272726 0.8040437158469944 0.10385454545454545 0.12666666666666668
5 0.4484 0.9085792349726777 0.10349090909090909 0.15994535519125683