5 0.6976408450704226 0.17570621468926553 0.13028169014084506 0.15728813559322033
5 0.8142957746478873 0.29830508474576267 0.16890845070422536 0.2894915254237288
5 0.5434859154929578 0.1919774011299435 0.16996478873239437 0.18316384180790962
5 0.40443661971830985 0.2371186440677966 0.13630281690140844 0.24694915254237287
5 0.5055633802816902 0.3707344632768362 0.26566901408450705 0.25090395480225985
5 0.5316901408450704 0.5774011299435028 0.2333450704225352 0.2893785310734463
5 0.7073943661971831 0.5448022598870057 0.2202112676056338 0.3438983050847457
5 0.6626056338028169 0.33847457627118643 0.16383802816901408 0.23033898305084746
5 0.8909507042253522 0.5136158192090395 0.19795774647887324 0.2947457627118644
5 0.26440140845070426 0.33016949152542374 0.17102112676056339 0.19378531073446326
5 0.34105633802816904 0.5079661016949152 0.18352112676056337 0.2635028248587571
5 0.13964788732394365 0.4604519774011299 0.16183098591549297 0.24158192090395478