5 0.49479999999999996 0.7948087431693989 0.11465454545454545 0.1669945355191257
5 0.41927272727272724 0.6909836065573771 0.09090909090909091 0.14153005464480872
5 0.34258181818181815 0.5430054644808744 0.06476363636363636 0.18256830601092894
5 0.41505454545454545 0.5234426229508197 0.1188 0.1707103825136612
5 0.4702181818181818 0.34677595628415303 0.09581818181818183 0.18169398907103826
5 0.38745454545454544 0.236120218579235 0.057527272727272726 0.13349726775956283
5 0.47265454545454544 0.19743169398907104 0.07643636363636364 0.13803278688524592
5 0.20945454545454545 0.05677595628415301 0.10763636363636364 0.11349726775956284
5 0.11272727272727273 0.1719672131147541 0.10207272727272727 0.15994535519125683
5 0.10636363636363637 0.38229508196721307 0.09538181818181818 0.16169398907103824
5 0.04116363636363637 0.3326775956284153 0.08014545454545455 0.14437158469945355
5 0.1852 0.5379781420765027 0.10763636363636364 0.16344262295081968
5 0.1254909090909091 0.6581967213114754 0.09116363636363636 0.14885245901639343
5 0.0436 0.7001092896174864 0.08501818181818181 0.15972677595628415
5 0.056036363636363634 0.9136065573770492 0.10381818181818182 0.1405464480874317
5 0.13425454545454546 0.8102732240437158 0.054181818181818185 0.14333333333333334
5 0.29345454545454547 0.9204371584699453 0.0756 0.12688524590163933
5 0.5805818181818182 0.603551912568306 0.07414545454545454 0.11240437158469946
5 0.5475272727272728 0.5175409836065573 0.08683636363636363 0.09513661202185793
5 0.5772727272727273 0.3813661202185793 0.08563636363636364 0.21448087431693988
5 0.6603272727272728 0.2916939890710383 0.07 0.15349726775956285
5 0.6718545454545454 0.457431693989071 0.10516363636363638 0.12065573770491803
5 0.6464 0.5962841530054646 0.07847272727272726 0.0978688524590164
5 0.6730545454545455 0.7183060109289617 0.08334545454545456 0.12333333333333334
5 0.7458181818181818 0.8153005464480874 0.05916363636363636 0.08956284153005464
5 0.8143636363636363 0.8439344262295082 0.06290909090909091 0.1560655737704918
5 0.29101818181818184 0.18103825136612023 0.09501818181818182 0.14169398907103825