5 0.44166666666666665 0.7253459119496856 0.1480503144654088 0.32534591194968554
5 0.6262264150943396 0.8008176100628931 0.19852201257861635 0.3421383647798742
5 0.6507547169811321 0.41050314465408805 0.17628930817610064 0.32452830188679244
5 0.8795597484276729 0.34635220125786165 0.185251572327044 0.33880503144654084
5 0.7646226415094339 0.21716981132075472 0.17342767295597483 0.31528301886792454
5 0.8992767295597485 0.13125786163522013 0.18273584905660378 0.25238993710691826
5 0.8644654088050314 0.6641509433962264 0.20537735849056604 0.32031446540880504
5 0.9437735849056604 0.8333333333333334 0.11245283018867924 0.28635220125786165
5 0.3510691823899371 0.6964150943396227 0.15135220125786164 0.3429559748427673
5 0.18415094339622642 0.7689937106918239 0.16971698113207548 0.27842767295597487
5 0.18166666666666667 0.33962264150943394 0.3324213836477987 0.5937106918238995
5 0.4479559748427673 0.47465408805031445 0.20257861635220126 0.31025157232704403