5 0.2928363636363636 0.44409836065573766 0.32996363636363635 0.3656284153005464
5 0.49479999999999996 0.6380874316939891 0.2909090909090909 0.43071038251366117
5 0.7091636363636364 0.5911475409836066 0.25349090909090904 0.4808743169398907
5 0.6539636363636364 0.23644808743169402 0.2686909090909091 0.32786885245901637
5 0.8326181818181818 0.13759562841530054 0.27887272727272727 0.2751912568306011
5 0.8804727272727273 0.505464480874317 0.23905454545454544 0.37404371584699453
5 0.9168363636363637 0.8504918032786885 0.16632727272727274 0.2990710382513661
5 0.7610545454545454 0.8976502732240438 0.21843636363636365 0.20464480874316943
5 0.2677454545454545 0.8062841530054645 0.30618181818181817 0.34475409836065574
5 0.15389090909090908 0.2215846994535519 0.24043636363636364 0.3775409836065574
5 0.3361454545454545 0.1525136612021858 0.23807272727272727 0.3050273224043716