5 0.42313380281690144 0.27629213483146065 0.1825 0.265561797752809
5 0.5189788732394366 0.19842696629213483 0.15971830985915492 0.27837078651685393
5 0.5204225352112677 0.46146067415730335 0.12098591549295774 0.22219101123595503
5 0.5471478873239436 0.7096629213483145 0.14690140845070424 0.25280898876404495
5 0.6610915492957746 0.562808988764045 0.17503521126760563 0.25640449438202245
5 0.7066901408450704 0.765056179775281 0.15295774647887322 0.23185393258426967
5 0.40711267605633805 0.7829213483146068 0.2528873239436619 0.23696629213483145
5 0.3051760563380282 0.6072471910112359 0.21869718309859154 0.19202247191011235
5 0.3327112676056338 0.43359550561797755 0.17130281690140844 0.2533146067415731
5 0.7201408450704225 0.4193258426966292 0.16443661971830986 0.265561797752809
5 0.6009154929577465 0.36157303370786514 0.14433098591549295 0.30337078651685395