5 0.594 0.19333333333333333 0.2175111111111111 0.15466666666666665
5 0.7371555555555556 0.3228888888888889 0.2016 0.16933333333333334
5 0.8429777777777777 0.44466666666666665 0.19986666666666666 0.19955555555555554
5 0.7200444444444444 0.544 0.17177777777777778 0.136
5 0.8714222222222222 0.6871111111111111 0.22124444444444444 0.29777777777777775
5 0.6331555555555556 0.6928888888888889 0.27799999999999997 0.21155555555555555
5 0.5324444444444444 0.8682222222222222 0.24102222222222222 0.22
5 0.33946666666666664 0.778 0.2 0.24755555555555556
5 0.22942222222222222 0.6493333333333333 0.23506666666666667 0.2311111111111111
5 0.2750222222222222 0.4517777777777778 0.21506666666666666 0.17822222222222223
5 0.4075111111111111 0.586 0.21337777777777778 0.18
5 0.5735555555555556 0.47755555555555557 0.22995555555555555 0.19422222222222224
5 0.4290666666666667 0.3562222222222223 0.19871111111111112 0.20933333333333334
5 0.38262222222222225 0.18844444444444444 0.21693333333333334 0.17155555555555557
5 0.22746666666666668 0.2877777777777778 0.2710666666666667 0.14355555555555555
5 0.09253333333333333 0.3768888888888889 0.18506666666666666 0.15733333333333333
5 0.09937777777777777 0.5368888888888889 0.17493333333333333 0.21066666666666667