5 0.3128301886792453 0.16894736842105265 0.12837735849056606 0.21152631578947367
5 0.34641509433962264 0.33857894736842103 0.1272830188679245 0.16489473684210526
5 0.6338867924528302 0.24736842105263157 0.12720754716981134 0.2230526315789474
5 0.5293207547169811 0.3237894736842105 0.15524528301886792 0.2506315789473684
5 0.4536603773584906 0.46015789473684215 0.12256603773584905 0.20252631578947367
5 0.3365283018867925 0.5746842105263158 0.175811320754717 0.20600000000000002
5 0.24509433962264152 0.44484210526315787 0.18335849056603776 0.21705263157894739
5 0.13064150943396224 0.323578947368421 0.15932075471698112 0.21505263157894736
5 0.09109433962264152 0.5165263157894737 0.16652830188679246 0.23005263157894737
5 0.18452830188679245 0.6498947368421053 0.16649056603773585 0.17594736842105263
5 0.1910188679245283 0.8115263157894737 0.16505660377358491 0.25363157894736843
5 0.3548679245283019 0.7614210526315789 0.13339622641509435 0.17342105263157898
5 0.43535849056603776 0.8130526315789474 0.13622641509433964 0.14636842105263156
5 0.5381132075471697 0.7596315789473684 0.15490566037735848 0.24510526315789474
5 0.6671320754716981 0.6478947368421052 0.13256603773584907 0.17194736842105265
5 0.64 0.8203157894736843 0.13222641509433963 0.15589473684210528
5 0.7641509433962265 0.8227894736842106 0.16849056603773585 0.21105263157894738
5 0.7828301886792453 0.5994736842105264 0.14833962264150943 0.24057894736842106
5 0.6275849056603774 0.49926315789473685 0.11101886792452831 0.18047368421052631
5 0.7380754716981133 0.41952631578947364 0.1630943396226415 0.1513684210526316
5 0.8884528301886793 0.578421052631579 0.08649056603773586 0.13836842105263158
5 0.9270943396226415 0.7057894736842105 0.14581132075471698 0.17242105263157895
5 0.865811320754717 0.3658947368421052 0.1490566037735849 0.25463157894736843
5 0.7431320754716981 0.26489473684210524 0.11279245283018868 0.16389473684210526
5 0.8687169811320755 0.1874736842105263 0.14041509433962265 0.19847368421052633
5 0.7449056603773585 0.10352631578947369 0.1120754716981132 0.1859473684210526
5 0.6288301886792452 0.06615789473684211 0.14588679245283018 0.13231578947368422
5 0.21237735849056605 0.20373684210526316 0.18267924528301885 0.2260526315789474
5 0.23916981132075474 0.05210526315789474 0.16075471698113208 0.10426315789473684