5 0.3774666666666667 0.6209777777777777 0.09142222222222222 0.12
5 0.4717777777777778 0.6311111111111111 0.0924 0.09582222222222221
5 0.5386666666666666 0.5338222222222222 0.11262222222222222 0.10862222222222223
5 0.6028888888888889 0.6138222222222223 0.12244444444444445 0.15013333333333334
5 0.6737333333333333 0.4936 0.13084444444444446 0.10222222222222223
5 0.706311111111111 0.5864 0.09724444444444444 0.11013333333333333
5 0.2873333333333334 0.5806666666666667 0.1004 0.08644444444444443
5 0.34582222222222225 0.5444444444444444 0.08746666666666666 0.08235555555555556
5 0.44195555555555555 0.4931555555555555 0.10880000000000001 0.13022222222222224
5 0.5849333333333334 0.44564444444444445 0.08022222222222222 0.11044444444444446
5 0.7905333333333333 0.5376 0.12902222222222223 0.12337777777777778
5 0.6903111111111111 0.40768888888888893 0.09951111111111112 0.0824
5 0.7970666666666667 0.45622222222222225 0.12151111111111111 0.1111111111111111
5 0.2268 0.5584444444444445 0.12288888888888888 0.10355555555555555
5 0.1600888888888889 0.5461333333333334 0.09204444444444444 0.10631111111111112
5 0.10466666666666667 0.5 0.0768888888888889 0.0892
5 0.30306666666666665 0.47026666666666667 0.09084444444444445 0.10493333333333334
5 0.3940444444444444 0.31884444444444443 0.09502222222222222 0.09613333333333333
5 0.5018222222222222 0.26311111111111113 0.12595555555555554 0.08724444444444444
5 0.4713777777777778 0.3796888888888889 0.09924444444444444 0.12208888888888889
5 0.35915555555555556 0.3998222222222222 0.12097777777777777 0.0872
5 0.5582666666666667 0.33284444444444444 0.12262222222222222 0.14466666666666667
5 0.7683111111111112 0.33422222222222225 0.11875555555555554 0.09266666666666667
5 0.6150666666666667 0.2268888888888889 0.1131111111111111 0.11048888888888889
5 0.44537777777777776 0.2207111111111111 0.07457777777777778 0.08453333333333334
5 0.38275555555555557 0.22004444444444443 0.0792888888888889 0.06946666666666668
5 0.32599999999999996 0.27542222222222223 0.11617777777777778 0.08448888888888889
5 0.2472888888888889 0.34413333333333335 0.08186666666666667 0.07831111111111111
5 0.24626666666666666 0.4436 0.07297777777777778 0.09266666666666667
5 0.16897777777777778 0.43675555555555556 0.1508888888888889 0.07897777777777777
5 0.16213333333333332 0.35266666666666663 0.08244444444444445 0.06124444444444444
5 0.16177777777777777 0.27471111111111113 0.06124444444444444 0.06946666666666668
5 0.29213333333333336 0.19746666666666668 0.09626666666666667 0.09275555555555556
5 0.5959111111111112 0.14964444444444444 0.10213333333333334 0.07906666666666666
5 0.4665777777777778 0.15746666666666667 0.1307111111111111 0.0743111111111111
5 0.5298666666666667 0.19031111111111113 0.11368888888888888 0.08520000000000001
5 0.710488888888889 0.2094222222222222 0.092 0.09613333333333333