5 0.2658666666666667 0.5212053571428571 0.13013333333333335 0.121875
5 0.14582222222222224 0.49040178571428567 0.1212 0.08705357142857142
5 0.21342222222222224 0.5830357142857142 0.11413333333333334 0.09821428571428571
5 0.11026666666666667 0.6026785714285714 0.10337777777777779 0.08392857142857144
5 0.04808888888888889 0.5761160714285715 0.09613333333333333 0.1513392857142857
5 0.13982222222222224 0.3939732142857143 0.12253333333333334 0.1263392857142857
5 0.27386666666666665 0.40803571428571433 0.11057777777777777 0.08750000000000001
5 0.2872444444444444 0.3325892857142857 0.1372888888888889 0.12410714285714286
5 0.2492 0.25491071428571427 0.11013333333333333 0.11160714285714286
5 0.21431111111111112 0.17700892857142855 0.13368888888888888 0.08526785714285715
5 0.15475555555555556 0.25089285714285714 0.1212 0.09464285714285714
5 0.044533333333333334 0.1904017857142857 0.08902222222222222 0.11205357142857143
5 0.057866666666666663 0.25870535714285714 0.1156888888888889 0.096875
5 0.5224 0.2252232142857143 0.11875555555555554 0.07455357142857143
5 0.4376888888888889 0.2988839285714286 0.09604444444444445 0.07008928571428572
5 0.4352444444444445 0.37142857142857144 0.08671111111111111 0.08571428571428572
5 0.40457777777777776 0.4375 0.08755555555555555 0.09285714285714286
5 0.39035555555555557 0.5267857142857143 0.09466666666666668 0.1285714285714286
5 0.45528888888888885 0.5455357142857143 0.10004444444444445 0.1125
5 0.5326222222222222 0.5683035714285715 0.09475555555555555 0.13125
5 0.5681777777777778 0.6305803571428571 0.0948 0.08169642857142857
5 0.6313333333333334 0.5301339285714286 0.0788 0.10401785714285715
5 0.6477777777777778 0.6145089285714286 0.08506666666666667 0.08526785714285715
5 0.7207111111111111 0.5578125 0.10644444444444444 0.10580357142857143
5 0.7684888888888889 0.4901785714285714 0.0927111111111111 0.10892857142857142
5 0.7718222222222222 0.41049107142857144 0.09315555555555556 0.096875
5 0.7033333333333334 0.43593750000000003 0.08422222222222221 0.08169642857142857
5 0.6311111111111111 0.4419642857142857 0.10062222222222222 0.06607142857142857
5 0.5684 0.45625 0.10857777777777777 0.07678571428571428
5 0.47684444444444446 0.4511160714285714 0.08537777777777777 0.09776785714285714
5 0.5201777777777778 0.3665178571428571 0.10542222222222222 0.10267857142857142
5 0.5190666666666667 0.28214285714285714 0.09697777777777777 0.07857142857142858
5 0.5902222222222223 0.3098214285714286 0.07213333333333334 0.08750000000000001
5 0.6193333333333333 0.23772321428571427 0.06368888888888889 0.08169642857142857
5 0.6677777777777778 0.2866071428571429 0.08062222222222222 0.05892857142857143
5 0.7278222222222221 0.3241071428571428 0.08511111111111111 0.08035714285714286
5 0.6637777777777778 0.36049107142857145 0.09928888888888888 0.08616071428571428
5 0.5982222222222222 0.3801339285714286 0.08813333333333333 0.08973214285714286
5 0.3948 0.12477678571428572 0.068 0.096875
5 0.4692888888888889 0.11004464285714285 0.09693333333333333 0.09419642857142858
5 0.5610666666666666 0.12098214285714286 0.08053333333333333 0.07589285714285714
5 0.6444444444444445 0.10178571428571428 0.10951111111111111 0.09999999999999999
5 0.5324 0.043750000000000004 0.08097777777777777 0.08750000000000001
5 0.3650222222222222 0.04196428571428572 0.08844444444444444 0.08392857142857144
5 0.44284444444444443 0.8511160714285715 0.11071111111111111 0.1299107142857143
5 0.5230666666666667 0.7839285714285714 0.0712 0.125
5 0.5721777777777778 0.7207589285714285 0.09391111111111111 0.10133928571428572
5 0.6573333333333333 0.7765624999999999 0.1264 0.096875
5 0.7487111111111111 0.8366071428571429 0.10022222222222223 0.10535714285714286
5 0.8113777777777778 0.9263392857142857 0.12782222222222223 0.13303571428571428
5 0.7280444444444445 0.9426339285714286 0.0811111111111111 0.08973214285714286
5 0.6471111111111111 0.9008928571428572 0.09706666666666666 0.1625
5 0.4670666666666667 0.9712053571428572 0.10137777777777777 0.05758928571428572
5 0.35902222222222224 0.8084821428571428 0.07195555555555556 0.09375
5 0.15693333333333334 0.7756696428571429 0.09897777777777778 0.09508928571428572
5 0.19453333333333334 0.8700892857142858 0.09853333333333335 0.10982142857142858
5 0.2712 0.9080357142857143 0.08746666666666666 0.10535714285714286
5 0.17342222222222223 0.9455357142857144 0.12653333333333333 0.10892857142857142
5 0.1227111111111111 0.8607142857142858 0.07493333333333332 0.08214285714285714
5 0.06182222222222222 0.9500000000000001 0.122 0.09999999999999999
5 0.036222222222222225 0.8332589285714286 0.06644444444444444 0.09419642857142858
5 0.0836 0.7745535714285714 0.08555555555555555 0.09732142857142857
5 0.13004444444444446 0.8725446428571428 0.08515555555555555 0.08348214285714285
5 0.11715555555555555 0.7274553571428571 0.032711111111111114 0.034375