5 0.1873706896551724 0.1435483870967742 0.23892241379310344 0.24506912442396314
5 0.397198275862069 0.15147465437788019 0.21797413793103448 0.2251152073732719
5 0.6137499999999999 0.14585253456221198 0.24875 0.22410138248847927
5 0.8518534482758621 0.13635944700460828 0.23646551724137932 0.2512442396313364
5 0.8600000000000001 0.3759447004608295 0.2431896551724138 0.19792626728110602
5 0.6231034482758621 0.3708294930875576 0.23392241379310347 0.20815668202764978
5 0.39840517241379314 0.3623963133640553 0.2155603448275862 0.23732718894009217
5 0.16413793103448276 0.3641935483870968 0.19719827586206898 0.20506912442396313
5 0.15142241379310345 0.6029953917050691 0.21491379310344827 0.22700460829493085
5 0.3893103448275862 0.6070967741935485 0.20693965517241378 0.22700460829493085
5 0.6271551724137931 0.6060829493087558 0.2181034482758621 0.21267281105990782
5 0.8477586206896552 0.6035023041474655 0.21780172413793103 0.22188940092165899
5 0.17129310344827586 0.8561751152073732 0.20198275862068965 0.23663594470046084
5 0.40702586206896557 0.8553917050691244 0.21366379310344827 0.20953917050691243
5 0.6259482758620689 0.8423502304147465 0.20133620689655174 0.2069585253456221
5 0.8472844827586207 0.8400460829493087 0.21875 0.20746543778801846