5 0.2013095238095238 0.3478333333333333 0.31684523809523807 0.15616666666666668
5 0.24386904761904762 0.47063333333333335 0.2829761904761905 0.14023333333333332
5 0.18904761904761905 0.6257333333333334 0.37803571428571425 0.19916666666666666
5 0.3726190476190476 0.7675 0.34809523809523807 0.2109
5 0.4563690476190476 0.6303333333333333 0.2318452380952381 0.15710000000000002
5 0.4454166666666667 0.44909999999999994 0.2830952380952381 0.1587
5 0.40970238095238093 0.33913333333333334 0.2299404761904762 0.108
5 0.6258928571428571 0.7103333333333333 0.22279761904761905 0.15296666666666667
5 0.8831547619047619 0.8203 0.23369047619047617 0.2037
5 0.6689285714285714 0.5562666666666667 0.21732142857142855 0.11663333333333334
5 0.7293452380952381 0.40986666666666666 0.19166666666666668 0.1059
5 0.9002380952380953 0.5783 0.15791666666666668 0.12996666666666667
5 0.924345238095238 0.6672666666666667 0.15125 0.1489