5 0.3661333333333333 0.8646666666666667 0.13955555555555554 0.14177777777777778
5 0.2532 0.8046666666666668 0.1270222222222222 0.13733333333333334
5 0.40395555555555557 0.7222222222222222 0.1707111111111111 0.11022222222222222
5 0.2776444444444444 0.6922222222222222 0.11373333333333334 0.11688888888888889
5 0.19942222222222222 0.7191111111111111 0.1172 0.13066666666666665
5 0.1376 0.6111111111111112 0.14475555555555555 0.1368888888888889
5 0.15382222222222222 0.5135555555555555 0.10164444444444445 0.09733333333333333
5 0.24097777777777776 0.562 0.1159111111111111 0.132
5 0.2960888888888889 0.6146666666666667 0.10173333333333334 0.10844444444444444
5 0.40146666666666664 0.6268888888888889 0.108 0.10177777777777777
5 0.48995555555555553 0.6719999999999999 0.09831111111111111 0.14311111111111113
5 0.5980000000000001 0.6826666666666666 0.1632888888888889 0.14666666666666667
5 0.5795555555555556 0.7904444444444444 0.1396888888888889 0.10888888888888888
5 0.46040000000000003 0.8275555555555555 0.1502666666666667 0.15200000000000002
5 0.5853333333333333 0.8886666666666666 0.14235555555555557 0.13644444444444445
5 0.6989333333333333 0.7528888888888889 0.12511111111111112 0.18044444444444446
5 0.7949333333333334 0.7642222222222221 0.13937777777777777 0.15422222222222223
5 0.8625333333333333 0.6591111111111112 0.1323111111111111 0.1262222222222222
5 0.8483111111111111 0.5131111111111111 0.15719999999999998 0.1408888888888889
5 0.7771555555555556 0.5906666666666667 0.10382222222222222 0.11377777777777778
5 0.7511555555555555 0.6728888888888889 0.12737777777777778 0.09155555555555556
5 0.6811111111111111 0.5573333333333333 0.08951111111111111 0.1448888888888889
5 0.7513777777777778 0.4688888888888889 0.12337777777777778 0.11911111111111111
5 0.6357777777777778 0.43577777777777776 0.14106666666666667 0.11066666666666666
5 0.6028888888888889 0.5417777777777778 0.09302222222222221 0.12266666666666667
5 0.5132888888888889 0.5408888888888889 0.10497777777777778 0.12088888888888888
5 0.40502222222222223 0.5382222222222222 0.1507111111111111 0.09777777777777778
5 0.3339111111111111 0.4831111111111111 0.11506666666666666 0.112
5 0.2529777777777778 0.41355555555555557 0.11684444444444445 0.13022222222222224
5 0.1358222222222222 0.3622222222222222 0.10560000000000001 0.10133333333333333
5 0.3085777777777778 0.3168888888888889 0.16217777777777778 0.09955555555555555
5 0.3574666666666667 0.3708888888888889 0.10355555555555555 0.09111111111111111
5 0.5210666666666667 0.4206666666666667 0.08942222222222222 0.09822222222222222
5 0.4835111111111111 0.3322222222222222 0.1432 0.09022222222222223
5 0.6833333333333333 0.2391111111111111 0.13844444444444443 0.11288888888888889
5 0.7491555555555556 0.3268888888888889 0.12782222222222223 0.11511111111111111
5 0.4759555555555556 0.19266666666666668 0.11915555555555556 0.13111111111111112