5 0.501822429906542 0.4000423728813559 0.21551401869158876 0.19093220338983052
5 0.6386915887850467 0.38385593220338987 0.17042056074766354 0.1635169491525424
5 0.7860280373831776 0.4197457627118644 0.1791588785046729 0.17546610169491525
5 0.618644859813084 0.2539830508474576 0.1577570093457944 0.14805084745762712
5 0.5790654205607477 0.1226271186440678 0.2325233644859813 0.15953389830508474
5 0.42598130841121495 0.15754237288135592 0.2177570093457944 0.14953389830508473
5 0.3449065420560748 0.25275423728813556 0.22602803738317756 0.2103813559322034
5 0.31799065420560746 0.43322033898305085 0.18313084112149533 0.15254237288135594
5 0.24182242990654207 0.3619067796610169 0.1903271028037383 0.15953389830508474
5 0.14154205607476636 0.31805084745762713 0.1711214953271028 0.1914406779661017
5 0.7436915887850467 0.2313135593220339 0.1274766355140187 0.15754237288135592