5 0.5595483870967742 0.11208588957055214 0.18851612903225806 0.22411042944785275
5 0.6486129032258064 0.20570552147239266 0.08274193548387096 0.18079754601226994
5 0.4803870967741935 0.6850920245398773 0.13341935483870968 0.2887730061349693
5 0.46790322580645166 0.44251533742331284 0.11703225806451613 0.20447852760736196
5 0.5111290322580645 0.2674846625766871 0.096 0.21429447852760736
5 0.5741935483870968 0.33539877300613496 0.14896774193548387 0.2028834355828221
5 0.39864516129032257 0.2584662576687117 0.12474193548387097 0.2126993865030675
5 0.6851935483870968 0.7366257668711657 0.14729032258064514 0.24460122699386502
5 0.6853870967741935 0.40779141104294475 0.16064516129032258 0.2412883435582822
5 0.7770322580645161 0.388159509202454 0.0944516129032258 0.3001840490797546
5 0.3807741935483871 0.7762576687116565 0.1535483870967742 0.21760736196319017