5 0.3759111111111111 0.2437777777777778 0.1947111111111111 0.20666666666666667
5 0.5293333333333333 0.20422222222222222 0.20813333333333334 0.20755555555555558
5 0.6117777777777778 0.3502222222222222 0.18195555555555554 0.15733333333333333
5 0.6722222222222223 0.24577777777777776 0.10728888888888889 0.11733333333333333
5 0.7753777777777778 0.33955555555555555 0.20693333333333333 0.17155555555555557
5 0.6696 0.49422222222222223 0.20866666666666667 0.14311111111111113
5 0.8460888888888889 0.49733333333333335 0.1794222222222222 0.17600000000000002
5 0.8047111111111112 0.6417777777777778 0.1589777777777778 0.17155555555555557
5 0.6902666666666667 0.7642222222222221 0.1922222222222222 0.13644444444444445
5 0.6351111111111112 0.6404444444444444 0.2064 0.14222222222222222
5 0.4855111111111111 0.6955555555555556 0.21386666666666665 0.16355555555555554
5 0.5646666666666667 0.8275555555555555 0.17657777777777775 0.18755555555555556
5 0.3768 0.8155555555555556 0.19648888888888888 0.17244444444444443
5 0.23764444444444444 0.6848888888888889 0.21151111111111112 0.19555555555555557
5 0.19875555555555555 0.548 0.20035555555555554 0.17066666666666666
5 0.3636888888888889 0.5437777777777778 0.2013333333333333 0.17555555555555555
5 0.5179555555555556 0.5113333333333333 0.14542222222222223 0.15511111111111112
5 0.48106666666666664 0.3788888888888889 0.16942222222222222 0.1391111111111111
5 0.37546666666666667 0.42444444444444446 0.20271111111111112 0.11911111111111111
5 0.25208888888888886 0.37266666666666665 0.18262222222222224 0.19777777777777777