5 0.1407471264367816 0.13893103448275862 0.21281609195402298 0.14779310344827587
5 0.3787931034482758 0.13227586206896552 0.22913793103448274 0.12562068965517242
5 0.6229885057471265 0.13251724137931034 0.23316091954022988 0.12117241379310345
5 0.856551724137931 0.133 0.19942528735632187 0.13203448275862067
5 0.14729885057471265 0.2734137931034483 0.22591954022988506 0.14679310344827587
5 0.39068965517241383 0.2943448275862069 0.2447126436781609 0.12462068965517241
5 0.6176436781609196 0.2817586206896551 0.2306896551724138 0.134
5 0.8667816091954023 0.2898965517241379 0.2117241379310345 0.1453103448275862
5 0.10413793103448277 0.5396551724137931 0.177816091954023 0.06437931034482759
5 0.29833333333333334 0.5468275862068966 0.187816091954023 0.07300000000000001
5 0.5010919540229885 0.55 0.15758620689655173 0.07355172413793103
5 0.6859770114942528 0.5476896551724139 0.16327586206896552 0.06896551724137931
5 0.8664942528735633 0.5476896551724139 0.16994252873563218 0.06896551724137931
5 0.10413793103448277 0.943551724137931 0.177816091954023 0.07327586206896551
5 0.3004597701149425 0.9387931034482758 0.18735632183908046 0.0666551724137931
5 0.10804597701149425 0.6435172413793103 0.21603448275862072 0.07096551724137931
5 0.3119540229885058 0.647 0.17201149425287357 0.07786206896551724
5 0.49344827586206896 0.6449655172413793 0.17672413793103448 0.07041379310344828
5 0.6876436781609195 0.6491379310344828 0.1714367816091954 0.08506896551724138
5 0.8820689655172413 0.6491379310344828 0.19626436781609194 0.07355172413793103
5 0.09793103448275861 0.749 0.17494252873563218 0.06924137931034482
5 0.30408045977011494 0.7436896551724137 0.1993103448275862 0.07300000000000001
5 0.4709770114942529 0.7502758620689656 0.16431034482758622 0.08044827586206896
5 0.6950574712643678 0.7507241379310345 0.1335632183908046 0.061206896551724135
5 0.8808620689655173 0.7442413793103448 0.14120689655172414 0.07413793103448275
5 0.10965517241379309 0.8413793103448276 0.1553448275862069 0.06148275862068965
5 0.3069540229885057 0.8428275862068965 0.14758620689655172 0.07010344827586207
5 0.5051724137931035 0.85 0.1417816091954023 0.055758620689655175
5 0.6902873563218391 0.8399310344827586 0.1431609195402299 0.06437931034482759
5 0.8702873563218391 0.8492758620689654 0.15844827586206897 0.0686896551724138
5 0.544712643678161 0.9393793103448277 0.17770114942528736 0.06782758620689655
5 0.6907471264367816 0.9454137931034483 0.17287356321839079 0.0856206896551724
5 0.8741379310344827 0.9429655172413792 0.16994252873563218 0.06293103448275862