5 0.2719811320754717 0.3732773109243698 0.20750000000000002 0.20697478991596638
5 0.4115566037735849 0.4276890756302521 0.2503301886792453 0.204327731092437
5 0.5069339622641509 0.3076050420168067 0.22254716981132075 0.17205882352941176
5 0.6785377358490565 0.46441176470588236 0.23311320754716983 0.19815126050420168
5 0.6799999999999999 0.298109243697479 0.18641509433962267 0.18399159663865547
5 0.860566037735849 0.3595798319327731 0.1750943396226415 0.1919327731092437
5 0.26528301886792455 0.23176470588235293 0.24080188679245282 0.15743697478991597
5 0.155 0.36201680672268904 0.15924528301886792 0.20121848739495798
5 0.4056132075471698 0.15546218487394958 0.25825471698113206 0.18621848739495797
5 0.6298584905660377 0.07298319327731093 0.23504716981132073 0.11411764705882353
5 0.5873584905660377 0.16298319327731092 0.18485849056603773 0.13932773109243696
5 0.7619811320754717 0.1961344537815126 0.18150943396226413 0.14373949579831932