5 0.5271370967741935 0.34507389162561575 0.27056451612903226 0.3147783251231527
5 0.3572177419354839 0.5300492610837438 0.23310483870967744 0.2561576354679803
5 0.19411290322580646 0.6440886699507389 0.2980645161290323 0.27241379310344827
5 0.0853225806451613 0.4911330049261084 0.1706451612903226 0.34581280788177343
5 0.148991935483871 0.23522167487684728 0.20778225806451614 0.24285714285714285
5 0.35782258064516126 0.15517241379310345 0.2544758064516129 0.22561576354679802
5 0.47068548387096776 0.08669950738916257 0.2060483870967742 0.17339901477832514
5 0.7704435483870967 0.17783251231527095 0.24508064516129033 0.29064039408866993
5 0.8609677419354839 0.3879310344827586 0.18012096774193548 0.27241379310344827
5 0.712983870967742 0.5561576354679804 0.2309677419354839 0.3379310344827586
5 0.9066129032258065 0.6206896551724138 0.1867741935483871 0.20098522167487684