5 0.11561068702290075 0.5347395833333334 0.14488549618320612 0.17708333333333334
5 0.10606870229007634 0.37270833333333336 0.11305343511450382 0.15395833333333334
5 0.2829770992366412 0.26765625 0.12251908396946565 0.1603125
5 0.29377862595419846 0.13572916666666665 0.12801526717557252 0.1603125
5 0.3268702290076336 0.555 0.12633587786259542 0.15973958333333335
5 0.23038167938931298 0.6325 0.11568702290076335 0.15276041666666665
5 0.2150763358778626 0.40942708333333333 0.11904580152671757 0.18692708333333333
5 0.4102290076335878 0.390625 0.13614503816793894 0.17822916666666666
5 0.33534351145038166 0.7204687500000001 0.10938931297709924 0.14354166666666665
5 0.43270992366412214 0.6359895833333333 0.1387022900763359 0.15973958333333335
5 0.43591603053435113 0.78875 0.09843511450381678 0.1875
5 0.679618320610687 0.3466666666666667 0.1066412213740458 0.15973958333333335
5 0.6664503816793894 0.23901041666666667 0.10576335877862596 0.10645833333333334
5 0.6908396946564885 0.6070833333333333 0.09095419847328244 0.21760416666666668
5 0.7065648854961832 0.7676562499999999 0.11385496183206106 0.12791666666666665
5 0.7023282442748091 0.8645833333333334 0.12236641221374046 0.11921875
5 0.7542748091603053 0.17765625 0.13721374045801527 0.16895833333333332
5 0.7780534351145038 0.35125 0.13385496183206108 0.12270833333333332
5 0.7945801526717557 0.4814583333333333 0.1414885496183206 0.14005208333333333