5 0.506625 0.05199367088607595 0.2510625 0.10306962025316456
5 0.60175 0.11009493670886075 0.2180625 0.08816455696202531
5 0.6178125 0.18376582278481013 0.2145 0.08183544303797469
5 0.5405625 0.2563291139240506 0.21181250000000001 0.09585443037974684
5 0.52225 0.32686708860759495 0.21981250000000002 0.09221518987341773
5 0.6169374999999999 0.3914873417721519 0.194875 0.08588607594936709
5 0.6146874999999999 0.47060126582278483 0.1993125 0.0904113924050633
5 0.54725 0.5397784810126582 0.234125 0.07503164556962026
5 0.5405625 0.617753164556962 0.1760625 0.08183544303797469
5 0.6155625 0.6711075949367088 0.219 0.08003164556962025
5 0.6164375 0.7493354430379746 0.202875 0.08272151898734177
5 0.5329375 0.818259493670886 0.24125000000000002 0.0895253164556962
5 0.55125 0.8838291139240507 0.1975 0.08499999999999999
5 0.6044375 0.9556962025316456 0.24131249999999999 0.08860759493670886