5 0.11227053140096617 0.1137037037037037 0.1438647342995169 0.11316872427983539
5 0.2508695652173913 0.08176954732510289 0.13719806763285022 0.1111111111111111
5 0.37855072463768114 0.08460905349794239 0.18120772946859903 0.10135802469135802
5 0.444975845410628 0.16152263374485595 0.12082125603864735 0.09567901234567901
5 0.2991304347826087 0.15378600823045266 0.13719806763285022 0.09053497942386832
5 0.30396135265700486 0.2677366255144033 0.09855072463768115 0.11781893004115226
5 0.20618357487922706 0.25950617283950617 0.12028985507246376 0.10131687242798354
5 0.11381642512077295 0.3197119341563786 0.11671497584541063 0.108559670781893
5 0.7055072463768115 0.16588477366255144 0.14067632850241546 0.11987654320987653
5 0.6106763285024155 0.17543209876543212 0.1081159420289855 0.09259259259259259
5 0.7948309178743962 0.1137037037037037 0.15028985507246376 0.1337448559670782
5 0.8606763285024155 0.21193415637860083 0.12492753623188406 0.11419753086419752
5 0.738695652173913 0.32637860082304526 0.12256038647342996 0.11160493827160495
5 0.8570531400966184 0.36292181069958845 0.11768115942028985 0.11267489711934156
5 0.9361352657004831 0.37296296296296294 0.07057971014492753 0.07613168724279835
5 0.8232367149758454 0.5380658436213992 0.12251207729468598 0.10802469135802469
5 0.7109178743961353 0.5558024691358024 0.18777777777777777 0.13839506172839508
5 0.49719806763285024 0.5516872427983539 0.1467632850241546 0.08901234567901234
5 0.4157004830917874 0.5642798353909465 0.14077294685990338 0.12962962962962962
5 0.31304347826086953 0.5468312757201645 0.12869565217391304 0.13580246913580246
5 0.2544927536231884 0.7860082304526749 0.1685990338164251 0.08950617283950617
5 0.2182608695652174 0.6802880658436214 0.14444444444444443 0.09930041152263375
5 0.11198067632850242 0.4964197530864197 0.1734782608695652 0.11728395061728394
5 0.3885024154589372 0.7265843621399177 0.12265700483091788 0.10958847736625514
5 0.22154589371980676 0.9287654320987654 0.15714975845410628 0.11263374485596708
5 0.4358937198067633 0.8935390946502058 0.13893719806763286 0.08847736625514403
5 0.9473913043478261 0.8575308641975309 0.10516908212560386 0.13991769547325103
5 0.7857971014492754 0.9567901234567902 0.1442512077294686 0.08641975308641975
5 0.9318840579710145 0.6571604938271605 0.09830917874396136 0.12502057613168724