5 0.3304245283018868 0.543235294117647 0.1371698113207547 0.16609243697478993
5 0.46466981132075474 0.567983193277311 0.11712264150943395 0.13642857142857143
5 0.5678773584905661 0.5815546218487395 0.1459433962264151 0.12903361344537814
5 0.6677358490566038 0.562016806722689 0.12372641509433963 0.144327731092437
5 0.7590094339622642 0.505672268907563 0.14533018867924527 0.13050420168067225
5 0.863066037735849 0.44932773109243695 0.11481132075471698 0.11663865546218488
5 0.7615094339622641 0.3596218487394958 0.1225943396226415 0.13
5 0.64 0.3954621848739496 0.15702830188679245 0.1571848739495798
5 0.5059905660377358 0.4330252100840336 0.14985849056603773 0.1334453781512605
5 0.3658962264150943 0.41546218487394954 0.14160377358490567 0.11319327731092438
5 0.21665094339622643 0.4963025210084034 0.14273584905660378 0.14138655462184874
5 0.13287735849056603 0.39768907563025213 0.11948113207547169 0.09739495798319328
5 0.34179245283018866 0.33836134453781513 0.15433962264150944 0.07760504201680672
5 0.23608490566037735 0.34726890756302525 0.12608490566037736 0.11516806722689076
5 0.5057547169811321 0.3297058823529412 0.17702830188679247 0.11466386554621848
5 0.6883018867924527 0.26915966386554624 0.08712264150943395 0.07760504201680672
5 0.8719339622641509 0.33218487394957985 0.08816037735849057 0.07021008403361345
5 0.5109905660377358 0.24567226890756302 0.1265566037735849 0.10478991596638657
5 0.4033490566037736 0.1873529411764706 0.1332547169811321 0.10676470588235294
5 0.34731132075471693 0.25159663865546217 0.16542452830188678 0.096890756302521
5 0.6330660377358491 0.17105042016806724 0.17089622641509433 0.08403361344537816
5 0.6017452830188679 0.23676470588235296 0.1359433962264151 0.10676470588235294
5 0.8489150943396226 0.253109243697479 0.12533018867924528 0.10974789915966388
5 0.24245283018867925 0.1792016806722689 0.16660377358490566 0.09542016806722689