5 0.4108727272727273 0.2754644808743169 0.2854181818181818 0.3439344262295082
5 0.1321090909090909 0.33174863387978143 0.2641818181818182 0.41142076502732244
5 0.1372 0.7814207650273224 0.24716363636363636 0.3915300546448088
5 0.3115636363636364 0.7062295081967214 0.2066181818181818 0.3825136612021858
5 0.5148363636363636 0.7827322404371585 0.22814545454545454 0.3426775956284153
5 0.7022909090909091 0.6637704918032786 0.2608 0.3233879781420765
5 0.5054181818181819 0.538415300546448 0.19218181818181818 0.23978142076502734
5 0.6579999999999999 0.3413661202185792 0.25349090909090904 0.3150273224043716
5 0.7990181818181817 0.17934426229508196 0.23174545454545453 0.3253005464480874
5 0.9217818181818183 0.24978142076502732 0.15643636363636365 0.3439344262295082
5 0.9314181818181818 0.64 0.1372 0.41721311475409834
5 0.6948 0.8973224043715847 0.19018181818181817 0.20540983606557378
5 0.12690909090909092 0.09131147540983607 0.19236363636363635 0.18256830601092894