5 0.2962213740458015 0.2972916666666667 0.3333969465648855 0.3133854166666667
5 0.5864503816793893 0.3198958333333333 0.25229007633587786 0.3238020833333333
5 0.7748473282442748 0.10203125 0.2219465648854962 0.20411458333333332
5 0.8404580152671756 0.4379166666666667 0.3149618320610687 0.42093749999999996
5 0.700381679389313 0.76078125 0.18748091603053435 0.3028125
5 0.49797709923664124 0.6314583333333333 0.2661832061068702 0.26989583333333333
5 0.2942748091603053 0.7790104166666666 0.215 0.25244791666666666
5 0.1313358778625954 0.5655208333333334 0.225 0.26291666666666663
5 0.08625954198473283 0.2920833333333333 0.17251908396946566 0.33770833333333333
5 0.449618320610687 0.09510416666666667 0.27122137404580154 0.19020833333333334
5 0.5799618320610687 0.3433333333333333 0.24419847328244274 0.24916666666666668
5 0.9082824427480916 0.7929166666666667 0.1834351145038168 0.28020833333333334