5 0.26648979591836736 0.219126213592233 0.1619183673469388 0.22771844660194174
5 0.2598367346938775 0.055145631067961165 0.19587755102040816 0.11024271844660194
5 0.11351020408163265 0.27121359223300967 0.21681632653061222 0.27058252427184465
5 0.19085714285714284 0.41019417475728154 0.18248979591836734 0.20106796116504855
5 0.13926530612244897 0.5568446601941748 0.18244897959183676 0.1570873786407767
5 0.3240816326530612 0.5994660194174757 0.17400000000000002 0.18616504854368932
5 0.20138775510204082 0.7609223300970874 0.1820816326530612 0.20247572815533982
5 0.33440816326530615 0.7570873786407767 0.16024489795918367 0.18970873786407766
5 0.41669387755102044 0.8615533980582524 0.17448979591836736 0.16873786407766989
5 0.5318775510204081 0.9448058252427184 0.16424489795918368 0.1103883495145631
5 0.2759591836734694 0.912864077669903 0.18081632653061222 0.1742233009708738
5 0.06281632653061224 0.7601456310679612 0.12559183673469387 0.23669902912621357
5 0.07224489795918367 0.9166990291262136 0.14453061224489794 0.1666019417475728