5 0.1357394366197183 0.1007865168539326 0.14982394366197183 0.19365168539325842
5 0.270387323943662 0.11567415730337079 0.1457394366197183 0.19033707865168542
5 0.41482394366197184 0.04724719101123596 0.1653169014084507 0.09449438202247191
5 0.39492957746478874 0.17449438202247192 0.15869718309859154 0.18904494382022471
5 0.15457746478873238 0.2706741573033708 0.12538732394366198 0.17646067415730338
5 0.03816901408450704 0.1599438202247191 0.07633802816901408 0.18640449438202247
5 0.05968309859154929 0.33842696629213487 0.1095774647887324 0.17314606741573033
5 0.1152112676056338 0.4623033707865169 0.1543661971830986 0.18966292134831458
5 0.04232394366197183 0.5072471910112359 0.08461267605633803 0.2002808988764045
5 0.261056338028169 0.2993820224719101 0.09809859154929577 0.18769662921348312
5 0.3613732394366197 0.3797191011235955 0.16612676056338027 0.19629213483146066
5 0.4723943661971831 0.3502808988764045 0.12309859154929578 0.17050561797752808
5 0.5295774647887325 0.18275280898876406 0.12147887323943662 0.17252808988764046
5 0.6497535211267605 0.12224719101123596 0.14640845070422534 0.17713483146067416
5 0.6166197183098592 0.30797752808988765 0.12982394366197184 0.21808988764044945
5 0.7508802816901409 0.13185393258426967 0.1166549295774648 0.18966292134831458
5 0.8554929577464789 0.10775280898876405 0.1229225352112676 0.17449438202247192
5 0.9291197183098592 0.165561797752809 0.14176056338028167 0.21747191011235956
5 0.8677464788732394 0.31196629213483146 0.13496478873239437 0.1996067415730337
5 0.7434154929577464 0.30303370786516853 0.15144366197183098 0.22803370786516855
5 0.8807746478873238 0.5066292134831462 0.11549295774647886 0.1857303370786517
5 0.7711619718309859 0.48084269662921353 0.11584507042253521 0.14741573033707864
5 0.6526760563380282 0.5132022471910112 0.12735915492957747 0.17252808988764046
5 0.507218309859155 0.5171910112359551 0.1595774647887324 0.20685393258426965
5 0.3787676056338028 0.5409550561797754 0.13464788732394367 0.14870786516853932
5 0.26397887323943664 0.5274157303370787 0.14535211267605636 0.1546629213483146
5 0.1560211267605634 0.6642696629213483 0.13242957746478873 0.22999999999999998
5 0.043133802816901406 0.8519662921348314 0.08626760563380281 0.23528089887640452
5 0.14401408450704226 0.8602247191011236 0.13323943661971832 0.2187640449438202
5 0.25880281690140844 0.8952247191011236 0.13911971830985914 0.2094943820224719
5 0.29672535211267603 0.703876404494382 0.13623239436619716 0.17713483146067416
5 0.4019718309859155 0.73 0.11475352112676057 0.18308988764044945
5 0.3770774647887324 0.8969101123595506 0.18105633802816903 0.20623595505617978
5 0.5250352112676057 0.8935955056179775 0.13721830985915492 0.21280898876404497
5 0.5049295774647887 0.7121348314606741 0.1177112676056338 0.21348314606741572
5 0.6236619718309859 0.6943258426966292 0.1521830985915493 0.21747191011235956
5 0.7423943661971831 0.6748314606741573 0.1535211267605634 0.2247191011235955
5 0.8610915492957747 0.6814044943820226 0.12169014084507043 0.23792134831460676
5 0.9581338028169014 0.6870224719101123 0.08376760563380281 0.18966292134831458
5 0.8664788732394366 0.8757303370786517 0.1076056338028169 0.22999999999999998
5 0.7572887323943662 0.8737640449438202 0.1336267605633803 0.18640449438202247
5 0.6350352112676056 0.8969101123595506 0.12940140845070422 0.20623595505617978