5 0.382 0.2684279475982533 0.17850000000000002 0.14524017467248906
5 0.07472727272727274 0.087117903930131 0.1495 0.15489082969432313
5 0.23454545454545456 0.08593886462882096 0.17072727272727273 0.17192139737991266
5 0.4078181818181818 0.08685589519650655 0.15363636363636363 0.17375545851528384
5 0.5600454545454545 0.08183406113537117 0.15181818181818182 0.15812227074235807
5 0.7146363636363636 0.094235807860262 0.1835 0.188471615720524
5 0.8986363636363636 0.09056768558951965 0.18313636363636362 0.18109170305676855
5 0.06872727272727272 0.26685589519650654 0.13090909090909092 0.15580786026200874
5 0.2039090909090909 0.2585589519650655 0.1669090909090909 0.1944541484716157
5 0.5389545454545455 0.27144104803493446 0.1670909090909091 0.16502183406113538
5 0.7160454545454545 0.262707423580786 0.17681818181818182 0.1751528384279476
5 0.9029545454545455 0.2776419213973799 0.18218181818181817 0.18200873362445416
5 0.0805 0.4624017467248908 0.161 0.1654585152838428
5 0.24486363636363634 0.4677292576419214 0.17695454545454545 0.1622707423580786
5 0.40613636363636363 0.45139737991266377 0.16463636363636364 0.18017467248908295
5 0.5827727272727273 0.44519650655021836 0.18677272727272728 0.1852401746724891
5 0.7466818181818182 0.4651965065502183 0.18063636363636365 0.17100436681222705
5 0.9119090909090909 0.4624017467248908 0.17618181818181816 0.15812227074235807
5 0.08977272727272727 0.6564192139737991 0.15772727272727274 0.1673362445414847
5 0.26231818181818184 0.6508733624454149 0.16886363636363635 0.17467248908296942
5 0.42027272727272724 0.6417030567685589 0.15936363636363637 0.1562882096069869
5 0.5750909090909091 0.6479039301310043 0.16759090909090907 0.1916593886462882
5 0.7459545454545455 0.652707423580786 0.1744090909090909 0.1783406113537118
5 0.9155 0.6517903930131004 0.169 0.1765065502183406
5 0.08336363636363636 0.8349781659388646 0.16672727272727272 0.1705240174672489
5 0.24913636363636366 0.8365938864628821 0.17218181818181819 0.1636244541484716
5 0.4308181818181818 0.8420960698689957 0.16131818181818183 0.15262008733624455
5 0.5949545454545454 0.8338427947598253 0.17386363636363636 0.1544541484716157
5 0.7505000000000001 0.8524454148471616 0.16918181818181818 0.2054585152838428
5 0.9215 0.8651091703056769 0.15704545454545454 0.18017467248908295
5 0.3444090909090909 0.9403493449781659 0.1846818181818182 0.11930131004366812