5 0.33257777777777775 0.5855555555555556 0.1391111111111111 0.15244444444444444
5 0.36546666666666666 0.48488888888888887 0.13377777777777777 0.11555555555555555
5 0.4484 0.44599999999999995 0.11737777777777778 0.10444444444444445
5 0.4065777777777778 0.37666666666666665 0.112 0.09733333333333333
5 0.5628888888888889 0.46422222222222226 0.13746666666666665 0.132
5 0.48284444444444446 0.5613333333333334 0.1552 0.144
5 0.2194222222222222 0.5671111111111111 0.09502222222222222 0.1111111111111111
5 0.2865333333333333 0.47955555555555557 0.09595555555555556 0.10488888888888889
5 0.27475555555555553 0.39866666666666667 0.13017777777777778 0.10311111111111111
5 0.1912 0.4033333333333333 0.12297777777777778 0.108
5 0.33613333333333334 0.3168888888888889 0.11062222222222222 0.09955555555555555
5 0.5452888888888889 0.3466666666666667 0.11564444444444444 0.11466666666666667
5 0.6304444444444445 0.4073333333333334 0.11262222222222222 0.10711111111111112
5 0.7269333333333333 0.40488888888888885 0.10111111111111111 0.09777777777777778
5 0.8080444444444445 0.46044444444444443 0.09893333333333335 0.09333333333333334
5 0.7744888888888889 0.562 0.09848888888888889 0.132
5 0.6926666666666667 0.4993333333333333 0.11266666666666668 0.10444444444444445
5 0.6335555555555556 0.5773333333333334 0.10995555555555554 0.12266666666666667
5 0.46195555555555556 0.31355555555555553 0.1044888888888889 0.124