5 0.4667772511848341 0.2972384937238494 0.30938388625592417 0.21682008368200836
5 0.26113744075829387 0.4566945606694561 0.24170616113744076 0.23246861924686194
5 0.4718009478672986 0.5207531380753138 0.2424170616113744 0.2298326359832636
5 0.6999526066350711 0.47891213389121334 0.21293838862559242 0.27167364016736406
5 0.6703317535545024 0.27707112970711295 0.17734597156398105 0.18179916317991632
5 0.8404265402843603 0.35682008368200835 0.2213270142180095 0.1896234309623431
5 0.9181990521327015 0.26451882845188285 0.16360189573459716 0.2194560669456067
5 0.7467772511848341 0.19761506276150625 0.19990521327014218 0.1692887029288703
5 0.5204265402843602 0.1515899581589958 0.2685308056872038 0.11907949790794979
5 0.28545023696682464 0.22899581589958157 0.278436018957346 0.16924686192468621
5 0.09616113744075828 0.42062761506276153 0.19227488151658767 0.23351464435146443