5 0.4881333333333333 0.47457777777777777 0.22244444444444444 0.23551111111111112
5 0.6621777777777779 0.46382222222222225 0.18964444444444445 0.17586666666666667
5 0.753688888888889 0.30573333333333336 0.16942222222222222 0.1772
5 0.5408444444444445 0.29684444444444447 0.18822222222222224 0.1848
5 0.3648888888888889 0.2885777777777778 0.20453333333333334 0.18097777777777777
5 0.2670222222222222 0.45555555555555555 0.18662222222222224 0.17204444444444444
5 0.2092 0.24986666666666665 0.15986666666666666 0.21782222222222222
5 0.6787111111111112 0.14066666666666666 0.14644444444444446 0.15182222222222222
5 0.5929777777777777 0.1648 0.2162222222222222 0.17466666666666666
5 0.5027555555555556 0.08293333333333333 0.2136 0.16582222222222223
5 0.3674222222222222 0.1483111111111111 0.20959999999999998 0.16706666666666667