5 0.29573333333333335 0.7698666666666667 0.17982222222222222 0.20542222222222223
5 0.42733333333333334 0.8533333333333334 0.16151111111111113 0.16493333333333332
5 0.46191111111111116 0.7212444444444445 0.15164444444444444 0.15257777777777776
5 0.6117333333333332 0.7301333333333333 0.21924444444444444 0.20986666666666667
5 0.5308 0.6066666666666667 0.1363111111111111 0.12097777777777777
5 0.3811555555555556 0.6108444444444444 0.1432888888888889 0.16395555555555555
5 0.23995555555555556 0.6214666666666667 0.17688888888888887 0.1111111111111111
5 0.12417777777777779 0.6281333333333334 0.1872888888888889 0.14915555555555557
5 0.2515555555555556 0.5009777777777777 0.14577777777777776 0.10715555555555556
5 0.15502222222222223 0.4963111111111111 0.16506666666666667 0.11257777777777778
5 0.3577333333333333 0.45653333333333335 0.1112 0.11702222222222221
5 0.4697777777777778 0.5002666666666666 0.16742222222222222 0.16
5 0.6021333333333333 0.5229777777777778 0.13577777777777778 0.1264
5 0.7018666666666666 0.6229777777777777 0.15746666666666667 0.1436888888888889
5 0.7754222222222222 0.5474222222222223 0.1564888888888889 0.16048888888888888
5 0.873688888888889 0.45084444444444444 0.16533333333333333 0.16
5 0.8667555555555556 0.31306666666666666 0.15151111111111112 0.11159999999999999
5 0.7584 0.39257777777777775 0.12733333333333333 0.14222222222222222
5 0.6759555555555555 0.4316 0.11057777777777777 0.09186666666666668
5 0.5159555555555556 0.3827111111111111 0.16986666666666667 0.11853333333333334
5 0.6475555555555556 0.31951111111111113 0.14764444444444444 0.1343111111111111
5 0.7080444444444445 0.21013333333333334 0.14515555555555554 0.12791111111111111
5 0.5041333333333333 0.2540888888888889 0.14222222222222222 0.14666666666666667
5 0.5762222222222223 0.18715555555555555 0.14813333333333334 0.10666666666666667
5 0.6648444444444445 0.09973333333333334 0.15257777777777776 0.09973333333333334
5 0.3955111111111111 0.35257777777777777 0.12253333333333334 0.11159999999999999
5 0.25995555555555555 0.39853333333333335 0.13293333333333335 0.11457777777777778
5 0.11897777777777778 0.42417777777777776 0.2016 0.1856888888888889
5 0.07951111111111112 0.28542222222222224 0.12262222222222222 0.09582222222222221
5 0.18342222222222224 0.3145777777777778 0.10826666666666666 0.1047111111111111
5 0.21675555555555556 0.21457777777777778 0.12062222222222223 0.08742222222222223
5 0.2915555555555555 0.27084444444444444 0.15662222222222222 0.12097777777777777
5 0.3488444444444444 0.061733333333333335 0.15266666666666667 0.09284444444444445
5 0.4382222222222222 0.10666666666666667 0.14373333333333335 0.09382222222222222
5 0.2915555555555555 0.16146666666666665 0.11711111111111112 0.11457777777777778