5 0.2449377593360996 0.2698564593301435 0.24103734439834026 0.28803827751196176
5 0.5095020746887967 0.07703349282296651 0.2001244813278008 0.15311004784688995
5 0.49290456431535273 0.3327751196172249 0.15029045643153527 0.16220095693779904
5 0.5678423236514523 0.21698564593301436 0.13 0.17942583732057416
5 0.8666804979253112 0.11411483253588517 0.196597510373444 0.22822966507177034
5 0.8251867219917013 0.31531100478468904 0.17995850622406637 0.18947368421052632
5 0.6533195020746887 0.4047846889952153 0.16825726141078837 0.20574162679425836
5 0.48481327800829876 0.4751196172248804 0.2129460580912863 0.18373205741626794
5 0.32107883817427385 0.4901913875598086 0.15514522821576765 0.161244019138756
5 0.13348547717842324 0.5363636363636364 0.24468879668049792 0.1722488038277512
5 0.11871369294605809 0.7566985645933014 0.21107883817427384 0.2444976076555024
5 0.3156846473029046 0.7035885167464115 0.21908713692946058 0.22440191387559807
5 0.7382157676348547 0.8265550239234449 0.18448132780082988 0.21196172248803827