5 0.26339331619537276 0.5783720930232558 0.05730077120822622 0.18170542635658915
5 0.2215424164524422 0.48705426356589143 0.056426735218508994 0.1713953488372093
5 0.20251928020565552 0.621860465116279 0.055552699228791774 0.1567441860465116
5 0.07339331619537275 0.6817054263565892 0.062339331619537273 0.16798449612403102
5 0.12352185089974292 0.8066666666666666 0.060359897172236505 0.17310077519379843
5 0.10881748071979434 0.6175968992248062 0.05092544987146529 0.1998449612403101
5 0.15709511568123394 0.6334883720930232 0.03894601542416452 0.1541860465116279
5 0.16295629820051413 0.38069767441860464 0.03637532133676093 0.12232558139534883
5 0.12339331619537275 0.4263565891472868 0.05149100257069409 0.1274418604651163
5 0.07794344473007712 0.3596124031007752 0.05089974293059126 0.13007751937984496
5 0.08395886889460154 0.48496124031007753 0.05262210796915167 0.14124031007751936
5 0.22688946015424166 0.9293023255813954 0.044524421593830334 0.14147286821705427
5 0.2702827763496144 0.9317054263565892 0.04778920308483291 0.1365891472868217
5 0.33650385604113114 0.9210077519379846 0.05167095115681234 0.13472868217054262
5 0.4779434447300771 0.7267441860465116 0.05177377892030848 0.1434108527131783
5 0.4164010282776349 0.8497674418604652 0.05398457583547558 0.1375968992248062
5 0.37123393316195374 0.7945736434108527 0.043984575835475576 0.12403100775193798
5 0.41190231362467866 0.5968992248062015 0.05784061696658098 0.11627906976744186
5 0.42604113110539843 0.4254263565891473 0.03470437017994859 0.14147286821705427
5 0.3877892030848329 0.5082170542635659 0.04174807197943444 0.12302325581395349
5 0.3766838046272494 0.4166666666666667 0.038200514138817476 0.12015503875968993
5 0.5181233933161954 0.515968992248062 0.04858611825192802 0.1386046511627907
5 0.47408740359897167 0.44232558139534883 0.03120822622107969 0.10759689922480621
5 0.45704370179948584 0.5431007751937985 0.04210796915167095 0.11534883720930234
5 0.4825964010282776 0.6162790697674418 0.05789203084832905 0.11627906976744186
5 0.5245501285347044 0.7097674418604651 0.04858611825192802 0.1386046511627907
5 0.5539588688946016 0.588139534883721 0.04634961439588689 0.1569767441860465
5 0.6041131105398457 0.6235658914728682 0.05668380462724936 0.14054263565891473
5 0.5780719794344473 0.813953488372093 0.049588688946015425 0.16279069767441862
5 0.5327506426735219 0.9205426356589147 0.05534704370179949 0.1434108527131783
5 0.4830848329048843 0.9244186046511628 0.049203084832904885 0.1511627906976744
5 0.40884318766066835 0.9558914728682171 0.048508997429305915 0.08813953488372092
5 0.40241645244215934 0.20155038759689922 0.048508997429305915 0.17829457364341086
5 0.35982005141388174 0.19286821705426355 0.056503856041131104 0.14147286821705427
5 0.2522879177377892 0.2504651162790698 0.050334190231362465 0.15023255813953487
5 0.26483290488431876 0.4166666666666667 0.04326478149100257 0.1434108527131783
5 0.30372750642673524 0.2510077519379845 0.050359897172236504 0.18023255813953487
5 0.6190488431876606 0.09209302325581396 0.06537275064267352 0.14147286821705427
5 0.5589460154241646 0.2155813953488372 0.03383033419023136 0.11922480620155039
5 0.5986375321336761 0.23209302325581396 0.05215938303341902 0.13271317829457366
5 0.5345244215938304 0.30426356589147285 0.03637532133676093 0.1511627906976744
5 0.4702313624678663 0.06976744186046512 0.049203084832904885 0.13953488372093023
5 0.625012853470437 0.3507751937984496 0.04061696658097687 0.12790697674418605
5 0.58706940874036 0.37116279069767444 0.04187660668380463 0.11046511627906977
5 0.660051413881748 0.5649612403100774 0.04 0.11046511627906977
5 0.649280205655527 0.6845736434108527 0.05380462724935733 0.12697674418604651
5 0.6589203084832904 0.9186046511627907 0.060257069408740364 0.13953488372093023
5 0.6123136246786632 0.9462015503875969 0.0505655526992288 0.10751937984496124
5 0.7203084832904884 0.6782945736434108 0.0352185089974293 0.12403100775193798
5 0.7937532133676092 0.5973643410852714 0.03236503856041131 0.09209302325581396
5 0.7992287917737788 0.8042635658914729 0.02915167095115681 0.1434108527131783
5 0.8492030848329049 0.8691472868217055 0.042365038560411315 0.09883720930232558
5 0.774318766066838 0.8551162790697675 0.05323907455012854 0.11922480620155039
5 0.8058097686375321 0.3531782945736434 0.03912596401028278 0.13085271317829456
5 0.7754241645244215 0.3081395348837209 0.030437017994858612 0.10465116279069768