5 0.4417777777777778 0.8591555555555556 0.14435555555555554 0.18
5 0.5508000000000001 0.8672444444444444 0.14808888888888888 0.1596
5 0.5837777777777777 0.740488888888889 0.1408 0.09951111111111112
5 0.6857777777777778 0.8510222222222221 0.1252 0.1794666666666667
5 0.7898666666666667 0.7943111111111111 0.1556 0.17582222222222224
5 0.8638666666666667 0.6976 0.12057777777777777 0.13924444444444445
5 0.7500888888888889 0.6860888888888889 0.11791111111111112 0.07444444444444444
5 0.6734666666666667 0.7271555555555557 0.0828 0.08435555555555556
5 0.5788 0.7430666666666667 0.14653333333333332 0.11520000000000001
5 0.4584888888888889 0.7292444444444445 0.11511111111111111 0.07182222222222222
5 0.35964444444444443 0.7326222222222223 0.09515555555555556 0.07337777777777778
5 0.3455111111111111 0.8544444444444445 0.14013333333333333 0.16013333333333335
5 0.25502222222222226 0.7844 0.116 0.14551111111111112
5 0.1736888888888889 0.7263555555555555 0.13635555555555556 0.12355555555555556
5 0.1036 0.6678222222222222 0.12164444444444444 0.11102222222222223
5 0.07613333333333333 0.5593333333333333 0.09288888888888888 0.098
5 0.19799999999999998 0.5969777777777777 0.11702222222222221 0.08964444444444446
5 0.15617777777777778 0.5094222222222222 0.11697777777777778 0.09751111111111112
5 0.07537777777777778 0.4639111111111111 0.12791111111111111 0.10066666666666665
5 0.061599999999999995 0.35648888888888886 0.12319999999999999 0.10226666666666667
5 0.1724 0.3638222222222222 0.11804444444444444 0.10435555555555556
5 0.10595555555555555 0.2832888888888889 0.10022222222222223 0.08973333333333335
5 0.1512 0.20226666666666665 0.10182222222222222 0.10542222222222222
5 0.18626666666666666 0.2770222222222222 0.11964444444444446 0.0772
5 0.21946666666666667 0.15653333333333333 0.14946666666666666 0.0924
5 0.29688888888888887 0.10946666666666666 0.11604444444444444 0.08195555555555556
5 0.3708888888888889 0.06475555555555555 0.08102222222222222 0.09191111111111111
5 0.46111111111111114 0.06528888888888888 0.10986666666666667 0.10337777777777779
5 0.6536 0.23075555555555557 0.09742222222222223 0.09444444444444444
5 0.5910666666666667 0.13168888888888888 0.07177777777777777 0.07933333333333334
5 0.6904444444444444 0.09302222222222221 0.1032 0.08560000000000001
5 0.822 0.2597777777777778 0.09964444444444445 0.09497777777777779
5 0.9436 0.3484 0.1128 0.11008888888888889
5 0.9501333333333334 0.42364444444444443 0.09968888888888888 0.09333333333333334
5 0.9524888888888889 0.5112444444444445 0.09395555555555556 0.08546666666666666
5 0.9114666666666668 0.6071555555555557 0.12164444444444444 0.11524444444444444
5 0.6290222222222223 0.4861333333333333 0.12146666666666665 0.07711111111111112
5 0.5738222222222222 0.5436444444444444 0.11044444444444446 0.08755555555555555
5 0.5188888888888888 0.6293777777777778 0.11564444444444444 0.09168888888888889
5 0.6235111111111111 0.6492444444444445 0.0948 0.11053333333333334
5 0.6923111111111112 0.5990666666666666 0.11208888888888889 0.11471111111111111
5 0.8102222222222223 0.5901777777777777 0.12315555555555556 0.10742222222222222
5 0.7208 0.4947555555555555 0.10115555555555557 0.11004444444444444
5 0.8494666666666666 0.5057333333333334 0.10751111111111111 0.07973333333333334
5 0.8633333333333333 0.42995555555555554 0.10906666666666666 0.08497777777777778
5 0.7987111111111111 0.3348 0.10013333333333334 0.062
5 0.7757333333333333 0.4074666666666667 0.09595555555555556 0.07137777777777778
5 0.7056444444444445 0.42444444444444446 0.10217777777777777 0.07924444444444444
5 0.6776444444444445 0.35755555555555557 0.0828 0.07088888888888889
5 0.7317777777777777 0.2976888888888889 0.11266666666666668 0.08186666666666667
5 0.5989333333333333 0.38813333333333333 0.11884444444444443 0.08497777777777778
5 0.5301333333333333 0.45871111111111107 0.10155555555555557 0.06928888888888889
5 0.4765333333333333 0.5122666666666666 0.10413333333333333 0.08755555555555555
5 0.4524888888888889 0.5825777777777779 0.09782222222222223 0.08911111111111111
5 0.40697777777777777 0.6573333333333333 0.12186666666666668 0.0692
5 0.2960888888888889 0.6617777777777778 0.10924444444444444 0.11471111111111111
5 0.2843111111111111 0.5554222222222223 0.09093333333333334 0.10586666666666666
5 0.3606666666666667 0.5695111111111111 0.09724444444444444 0.10271111111111111
5 0.36697777777777774 0.4785777777777778 0.08888888888888889 0.0672
5 0.2720444444444444 0.47671111111111114 0.12386666666666667 0.0792
5 0.25737777777777776 0.3841777777777778 0.11546666666666666 0.11373333333333334
5 0.3606666666666667 0.3993333333333333 0.09724444444444444 0.11271111111111111
5 0.44462222222222225 0.41084444444444446 0.09257777777777777 0.09386666666666667
5 0.5149777777777778 0.3695555555555556 0.10257777777777777 0.10537777777777778
5 0.5403555555555556 0.3042222222222222 0.08533333333333333 0.0688
5 0.6203555555555557 0.3128444444444444 0.10942222222222223 0.08084444444444445
5 0.5667555555555556 0.24746666666666667 0.11204444444444445 0.10697777777777778
5 0.5335555555555556 0.18657777777777776 0.10311111111111111 0.0740888888888889
5 0.4739111111111111 0.2048888888888889 0.08844444444444444 0.0792888888888889
5 0.5139555555555556 0.12462222222222222 0.12142222222222222 0.08088888888888889
5 0.4234222222222222 0.13586666666666666 0.07635555555555555 0.0668
5 0.3484 0.14528888888888888 0.07577777777777778 0.08560000000000001
5 0.3008 0.18737777777777775 0.08728888888888889 0.08088888888888889
5 0.26546666666666663 0.28146666666666664 0.0951111111111111 0.10177777777777777
5 0.34968888888888894 0.2529777777777778 0.08573333333333333 0.07093333333333333
5 0.40515555555555555 0.21431111111111112 0.09204444444444444 0.0772
5 0.44622222222222224 0.27155555555555555 0.10617777777777777 0.07142222222222222
5 0.41586666666666666 0.3267111111111111 0.10826666666666666 0.06146666666666667