2 0.3572649572649573 0.11717261904761904 0.12696581196581197 0.22416666666666665
2 0.5207264957264958 0.09720238095238094 0.09980056980056981 0.1757142857142857
2 0.7531908831908832 0.25449404761904765 0.11705128205128205 0.16714285714285712
2 0.08692307692307692 0.6124107142857144 0.07468660968660969 0.18574404761904761
2 0.149002849002849 0.622202380952381 0.08082621082621083 0.2137797619047619
2 0.2007122507122507 0.5252678571428572 0.07841880341880342 0.19
2 0.2866239316239316 0.6919047619047619 0.09556980056980058 0.1831547619047619
2 0.29965811965811967 0.8830654761904762 0.1379202279202279 0.2338392857142857
2 0.418945868945869 0.5571428571428572 0.12415954415954415 0.22824404761904762
2 0.526011396011396 0.5465178571428572 0.10225071225071225 0.24952380952380954
2 0.41853276353276353 0.7794940476190477 0.09891737891737891 0.20523809523809522
2 0.43216524216524216 0.21324404761904764 0.09770655270655271 0.19520833333333334
2 0.6432763532763532 0.25705357142857144 0.10883190883190884 0.18925595238095239
2 0.6746153846153846 0.8071130952380953 0.11455840455840456 0.21797619047619046
2 0.7633760683760683 0.7369642857142857 0.12927350427350429 0.25625
2 0.8203703703703703 0.5979761904761904 0.1293019943019943 0.20782738095238096
2 0.7943162393162393 0.4419642857142857 0.09346153846153846 0.1594345238095238
2 0.542094017094017 0.23705357142857145 0.10592592592592592 0.17479166666666665
2 0.4842877492877493 0.33654761904761904 0.10425925925925926 0.1526785714285714
2 0.6013390313390313 0.3896726190476191 0.11450142450142449 0.1824107142857143
2 0.7641880341880343 0.38202380952380954 0.08203703703703705 0.1500892857142857
2 0.6341168091168091 0.9383630952380952 0.14343304843304844 0.12330357142857143