2 0.5476769230769231 0.685184331797235 0.07136923076923077 0.06391705069124423
2 0.427 0.5456221198156682 0.058199999999999995 0.07281105990783411
2 0.4448307692307692 0.4369585253456221 0.04513846153846154 0.047511520737327194
2 0.2888769230769231 0.5396774193548387 0.061446153846153845 0.07241935483870968
2 0.14536923076923075 0.6022580645161291 0.05904615384615385 0.06702764976958525
2 0.14063076923076923 0.6828801843317972 0.06238461538461538 0.09004608294930876
2 0.18473846153846155 0.701705069124424 0.04804615384615385 0.07389400921658987
2 0.2874769230769231 0.6560138248847925 0.05606153846153846 0.08237327188940093
2 0.42841538461538464 0.7372119815668202 0.05332307692307692 0.07965437788018433
2 0.3476153846153846 0.7333640552995391 0.060969230769230776 0.0719815668202765
2 0.34696923076923075 0.5218202764976958 0.04173846153846154 0.04055299539170507
2 0.5201076923076923 0.5348617511520737 0.044415384615384614 0.051313364055299536
2 0.5615384615384615 0.49513824884792623 0.04776923076923077 0.06016129032258064
2 0.5446 0.3954838709677419 0.05493846153846154 0.07209677419354839
2 0.3734 0.3952995391705069 0.04841538461538462 0.06018433179723503
2 0.22566153846153847 0.47592165898617517 0.060630769230769224 0.06783410138248848
2 0.5125384615384615 0.6072350230414747 0.05749230769230769 0.06933179723502304
2 0.7450615384615384 0.612811059907834 0.05841538461538461 0.0919815668202765
2 0.8144307692307692 0.6341244239631336 0.061276923076923076 0.07700460829493087
2 0.2525846153846154 0.7627419354838709 0.06835384615384615 0.09615207373271889
2 0.1523076923076923 0.9313133640552995 0.09855384615384616 0.056935483870967744
2 0.8080153846153847 0.5675115207373272 0.04332307692307692 0.0628110599078341
2 0.6222 0.6567741935483872 0.07423076923076923 0.09926267281105991
2 0.6837538461538462 0.6542857142857142 0.05375384615384615 0.08274193548387096
2 0.5498615384615385 0.23806451612903223 0.06289230769230769 0.0644700460829493
2 0.3512153846153846 0.35057603686635946 0.057892307692307694 0.0820967741935484
2 0.09432307692307693 0.7134101382488479 0.04413846153846154 0.06276497695852534
2 0.09124615384615385 0.8232258064516128 0.04823076923076923 0.09804147465437787
2 0.3887846153846154 0.6078110599078341 0.05869230769230769 0.07430875576036866
2 0.34338461538461534 0.6550460829493088 0.07558461538461539 0.09965437788018433
2 0.6272 0.3753225806451613 0.07653846153846154 0.08168202764976959
2 0.7771230769230769 0.3901152073732719 0.07638461538461538 0.07670506912442396
2 0.8453384615384616 0.4676728110599078 0.05898461538461539 0.10891705069124424
2 0.6207846153846154 0.833963133640553 0.06884615384615385 0.08882488479262672
2 0.4795846153846154 0.7876958525345622 0.055676923076923075 0.07693548387096774
2 0.5196000000000001 0.8462672811059907 0.0639076923076923 0.09804147465437787
2 0.2425846153846154 0.8464516129032258 0.07398461538461538 0.04850230414746544
2 0.2815692307692308 0.9117281105990783 0.09043076923076923 0.10223502304147465
2 0.2239846153846154 0.6617741935483871 0.05986153846153846 0.05548387096774193
2 0.6906 0.7466589861751153 0.06441538461538461 0.08665898617511521
2 0.8682615384615384 0.3072119815668203 0.054369230769230774 0.09483870967741935
2 0.9082769230769231 0.5467972350230415 0.05746153846153847 0.09013824884792626
2 0.8903846153846153 0.3961981566820276 0.05630769230769231 0.08269585253456221
2 0.8548 0.5807834101382489 0.0505076923076923 0.07746543778801843
2 0.9154 0.7023041474654378 0.06786153846153846 0.12465437788018434