3 0.08545555555555555 0.3090034965034965 0.1709111111111111 0.35926573426573427
3 0.14375555555555555 0.5726223776223777 0.19205555555555556 0.33580419580419585
3 0.27386666666666665 0.44256993006993006 0.18284444444444445 0.4034965034965035
3 0.38815555555555553 0.4626748251748251 0.18086666666666668 0.4087587412587413
3 0.4870333333333333 0.3516258741258741 0.20083333333333334 0.3789510489510489
3 0.6177111111111112 0.2628846153846154 0.1705111111111111 0.3850174825174825
3 0.754211111111111 0.22921328671328672 0.1796333333333333 0.37888111888111886
3 0.5563222222222223 0.6539510489510489 0.21997777777777777 0.39356643356643356
3 0.3528888888888889 0.7837937062937063 0.1492111111111111 0.29484265734265735
3 0.7082444444444445 0.5901223776223776 0.19604444444444444 0.37080419580419577
3 0.9155333333333333 0.46508741258741254 0.16894444444444445 0.40045454545454545