3 0.60601875 0.6018394024276378 0.1421625 0.2410364145658263
3 0.51525625 0.7379738562091503 0.12625625 0.2565266106442577
3 0.40324375 0.7073762838468721 0.10535625 0.20933706816059755
3 0.32356875 0.7799906629318394 0.10225625 0.19117647058823528
3 0.46167499999999995 0.48765639589168996 0.1034625 0.1853874883286648
3 0.65805 0.34171802054155 0.1055875 0.1969747899159664
3 0.7764687499999999 0.37417366946778713 0.086175 0.17317460317460318
3 0.7614687499999999 0.506797385620915 0.118675 0.19567693744164333
3 0.83395625 0.6931372549019608 0.10115625 0.20419234360410832
3 0.9448125 0.6648832866479926 0.11036875 0.2457422969187675
3 0.26639375 0.4650046685340803 0.10665 0.1634267040149393
3 0.1725 0.44398692810457513 0.08449374999999999 0.18676003734827265
3 0.12188125 0.6835574229691878 0.10825625 0.1897105508870215
3 0.10860625 0.3949579831932773 0.08483125 0.19140056022408963
3 0.54885 0.23359477124183006 0.0715625 0.12546218487394958
3 0.5854 0.3715966386554622 0.10092499999999999 0.14468720821661998