3 0.4562594553706505 0.7737121644774414 0.05569213313161876 0.07580239862935464
3 0.15895612708018153 0.7697315819531696 0.046562027231467476 0.07663049685893776
3 0.1832337367624811 0.7272244431753283 0.03914145234493192 0.05557966876070816
3 0.10510590015128592 0.7092861222158766 0.029636913767019667 0.05854368932038835
3 0.5911875945537065 0.6506739006282124 0.03507942511346445 0.08067390062821245
3 0.6753630862329804 0.6855225585379783 0.03852874432677761 0.07498001142204454
3 0.3516641452344932 0.7649286122215877 0.04468229954614221 0.07159908623643632
3 0.31899016641452344 0.8316561964591662 0.02775340393343419 0.0862649914334666
3 0.37057110438729196 0.33953740719588804 0.037114220877458394 0.05497430039977156
3 0.4659757942511346 0.4030782410051399 0.5637783661119516 0.1546430611079383
3 0.5192284417549168 0.29168475157053114 0.46453101361573373 0.16714448886350658
3 0.6131656580937973 0.5190348372358653 0.4254765506807867 0.05074243289548829
3 0.4011838124054463 0.640394060536836 0.24811649016641452 0.20666476299257566
3 0.4002080181543117 0.6429011993146774 0.15085476550680788 0.14313535122786977
3 0.4465771558245083 0.6673443746430611 0.09078668683812405 0.09608223872073102
3 0.39174357034795765 0.6568303826384922 0.07341149773071104 0.07504854368932039
3 0.277696671709531 0.6334037692747001 0.05711043872919819 0.04875499714448887
3 0.2376853252647504 0.6206167904054826 0.08752647503782147 0.10541976013706454
3 0.14957261724659607 0.630890919474586 0.0943608169440242 0.07572244431753285
3 0.1504841149773071 0.6110108509423188 0.05987518910741301 0.058794974300399774
3 0.17786308623298033 0.5554825813820674 0.045041603630862334 0.05282124500285551
3 0.12976172465960664 0.518235294117647 0.05171331316187594 0.0559965733866362
3 0.3079425113464448 0.6037064534551684 0.10550680786686838 0.11729297544260422
3 0.4800037821482602 0.6228954882924044 0.11830559757942512 0.07343232438606512
3 0.6251399394856278 0.6034665905197031 0.07726928895612709 0.05742432895488292
3 0.7433547655068079 0.5779897201599086 0.07314674735249622 0.049862935465448316
3 0.8231467473524963 0.5665619645916619 0.046649016641452344 0.03615077098800685
3 0.8635325264750378 0.6153512278697887 0.03363086232980333 0.0629126213592233
3 0.7640015128593041 0.6651741861793261 0.034266263237518906 0.09858937749857224
3 0.7089447806354009 0.6927013135351229 0.014920574886535554 0.05998857795545403
3 0.5948184568835099 0.6393432324386065 0.0060325264750378214 0.04236436322101657