3 0.20156640625 0.7336597222222222 0.10270703125 0.17473611111111112
3 0.0879140625 0.8038194444444444 0.09675390625 0.15300694444444446
3 0.36703125000000003 0.6734513888888889 0.11333203124999999 0.12838888888888889
3 0.3135234375 0.9319444444444445 0.1495390625 0.1361111111111111
3 0.393984375 0.9157430555555556 0.09691796875 0.16852083333333331
3 0.44983593749999995 0.8948263888888889 0.08101562500000001 0.2007638888888889
3 0.54733984375 0.8995347222222222 0.12759375 0.2009236111111111
3 0.45373828125 0.742923611111111 0.09403515625 0.15621527777777777
3 0.59134765625 0.6118680555555556 0.1062265625 0.16261805555555556
3 0.65032421875 0.6799375 0.06533203125 0.12283333333333334
3 0.71528515625 0.6982361111111112 0.09369140625 0.18258333333333335
3 0.7875390624999999 0.7558888888888889 0.09496875 0.1451111111111111
3 0.8893437499999999 0.6931388888888889 0.1162890625 0.16313194444444445
3 0.9683359375 0.8575555555555556 0.06333203125 0.26048611111111114
3 0.69666796875 0.5405416666666667 0.08510546875 0.1125625
3 0.7492656249999999 0.5460972222222222 0.065296875 0.12368055555555556
3 0.5274257812500001 0.4590347222222222 0.07994921875 0.11621527777777778
3 0.45035546875000004 0.42939583333333337 0.07164453125 0.11249305555555557
3 0.3176953125 0.5548958333333333 0.08496484374999999 0.11349305555555556
3 0.26796484375 0.6389513888888889 0.074046875 0.13809027777777777
3 0.14415625 0.4488402777777778 0.06341015625 0.09583333333333334
3 0.2212265625 0.5539652777777778 0.061300781250000005 0.09311805555555555