3 0.40674 0.31217 0.20803 0.20355
3 0.55372 0.20654 0.16999 0.21628999999999998
3 0.73049 0.31658 0.21953 0.25236000000000003
3 0.88847 0.22955 0.17548 0.21830000000000002
3 0.54813 0.66489 0.18758000000000002 0.26018
3 0.22737000000000002 0.63748 0.20529 0.23815999999999998
3 0.11519 0.41461000000000003 0.22491999999999998 0.26443
3 0.23697 0.27817000000000003 0.20849 0.23954
3 0.37175 0.20313 0.16605 0.16547
3 0.58712 0.42982 0.17678 0.24683000000000002
3 0.6618999999999999 0.5134299999999999 0.19036 0.19807
3 0.74888 0.6476799999999999 0.25632 0.23056000000000001
3 0.8276699999999999 0.5260499999999999 0.26189 0.2753
3 0.43613999999999997 0.48263 0.19083 0.20845
3 0.28076 0.47883 0.20408 0.21284999999999998