3 0.17931111111111112 0.47692222222222225 0.17477777777777778 0.2462888888888889
3 0.3086222222222222 0.5456 0.15785555555555555 0.2192111111111111
3 0.4534888888888889 0.5529333333333333 0.14536666666666667 0.21165555555555557
3 0.5212555555555556 0.4713555555555556 0.11645555555555556 0.20404444444444442
3 0.6454555555555556 0.5580444444444445 0.1382 0.20854444444444445
3 0.7387777777777778 0.5358222222222222 0.11149999999999999 0.21742222222222224
3 0.8836444444444445 0.6262888888888889 0.11678888888888889 0.1716888888888889
3 0.8358777777777777 0.49803333333333333 0.12346666666666667 0.20406666666666667
3 0.9404 0.4617888888888889 0.1192 0.1804777777777778
3 0.47326666666666667 0.3099777777777778 0.16268888888888888 0.21016666666666667
3 0.39483333333333337 0.35442222222222225 0.11694444444444445 0.13906666666666667
3 0.06936666666666666 0.3030777777777778 0.13874444444444445 0.17415555555555556
3 0.09095555555555555 0.12614444444444445 0.1819222222222222 0.23628888888888888
3 0.25885555555555556 0.16725555555555555 0.12943333333333332 0.14695555555555553
3 0.16864444444444446 0.22304444444444446 0.18901111111111113 0.13854444444444444
3 0.34595555555555557 0.24016666666666667 0.10807777777777777 0.18612222222222222
3 0.4028333333333333 0.13435555555555556 0.13294444444444445 0.15226666666666666
3 0.5194777777777777 0.11901111111111111 0.11291111111111111 0.12602222222222223
3 0.6294555555555555 0.18303333333333333 0.14175555555555555 0.12962222222222222
3 0.7478888888888889 0.1719222222222222 0.12527777777777777 0.13406666666666667
3 0.8003222222222222 0.2477222222222222 0.10571111111111112 0.13899999999999998