3 0.273325 0.7726691729323308 0.09285833333333333 0.2161904761904762
3 0.38996666666666663 0.9074812030075188 0.12614999999999998 0.1850501253132832
3 0.4607916666666667 0.7958521303258146 0.08446666666666666 0.16647869674185464
3 0.393025 0.7950250626566415 0.10449166666666666 0.164812030075188
3 0.17111666666666667 0.7801879699248121 0.11066666666666668 0.19780701754385965
3 0.104325 0.6991228070175438 0.10208333333333333 0.18606516290726816
3 0.0871 0.9335839598997494 0.12319166666666667 0.13283208020050125
3 0.19639166666666666 0.9283583959899749 0.11121666666666667 0.14327067669172933
3 0.29873333333333335 0.9429824561403509 0.113125 0.11403508771929824
3 0.5942416666666667 0.9179197994987469 0.10415 0.16416040100250626
3 0.57105 0.8002506265664161 0.09943333333333333 0.18779448621553887
3 0.6309083333333334 0.7179197994987468 0.08858333333333333 0.1317543859649123
3 0.530225 0.6456390977443609 0.10110833333333333 0.12919799498746867
3 0.7057583333333333 0.6938972431077695 0.06328333333333333 0.11293233082706768
3 0.7424166666666666 0.7478070175438597 0.07215833333333334 0.16226817042606517
3 0.8219833333333333 0.8046365914786968 0.08185833333333334 0.1756766917293233
3 0.8836416666666665 0.8863157894736842 0.09405833333333334 0.19285714285714287
3 0.6592333333333333 0.5806641604010025 0.08968333333333334 0.14546365914786968
3 0.5425916666666667 0.5288471177944862 0.056391666666666666 0.12537593984962406
3 0.4900916666666667 0.54765664160401 0.1014 0.1713408521303258
3 0.3380333333333333 0.585889724310777 0.09450833333333333 0.16844611528822054
3 0.24305000000000002 0.5800375939849625 0.08009166666666667 0.1667669172932331
3 0.11585000000000001 0.530952380952381 0.10569166666666667 0.17132832080200502
3 0.03158333333333333 0.4666040100250627 0.06316666666666666 0.19302005012531329
3 0.131125 0.37216791979949876 0.05291666666666667 0.13780701754385966
3 0.22874166666666668 0.4874812030075188 0.10648333333333333 0.13453634085213032
3 0.3720583333333334 0.40997493734335844 0.07089166666666666 0.1257142857142857
3 0.41885833333333333 0.4346240601503759 0.06170833333333333 0.11654135338345864
3 0.8390666666666666 0.5603884711779449 0.06989999999999999 0.14922305764411029
3 0.9432166666666666 0.6285087719298246 0.06598333333333334 0.15342105263157896
3 0.73645 0.4745363408521303 0.05521666666666667 0.1336967418546366
3 0.8231 0.4866541353383459 0.07296666666666667 0.14957393483709272
3 0.9214166666666667 0.4237719298245614 0.0696 0.1449498746867168
3 0.8950333333333333 0.35230576441102757 0.055725000000000004 0.11063909774436091
3 0.9258583333333333 0.276265664160401 0.04515833333333333 0.10892230576441103
3 0.6391 0.3330827067669173 0.06330833333333333 0.08889724310776942
3 0.6285499999999999 0.4066290726817043 0.05330833333333333 0.0856015037593985
3 0.5853583333333333 0.3899122807017544 0.081925 0.1156892230576441
3 0.5250916666666666 0.4222932330827068 0.07139166666666667 0.08769423558897244
3 0.4730166666666667 0.318671679197995 0.06446666666666667 0.09766917293233082
3 0.33540000000000003 0.2883834586466165 0.07534166666666667 0.1080952380952381
3 0.23138333333333336 0.32389724310776946 0.07010000000000001 0.08721804511278194
3 0.7168666666666667 0.3694360902255639 0.06328333333333333 0.10313283208020049
3 0.7479666666666667 0.6234962406015038 0.08104166666666666 0.1601127819548872