3 0.45037777777777777 0.4397888888888889 0.20135555555555557 0.20313333333333333
3 0.3092777777777778 0.6869888888888889 0.30583333333333335 0.27086666666666664
3 0.5621333333333334 0.7345666666666667 0.23376666666666665 0.30378888888888894
3 0.7165555555555555 0.753 0.20926666666666668 0.25623333333333337
3 0.8027666666666666 0.5518222222222222 0.20391111111111113 0.19608888888888887
3 0.5350222222222222 0.21417777777777777 0.224 0.24523333333333333
3 0.8216444444444445 0.18305555555555555 0.18391111111111114 0.2363222222222222
3 0.7892111111111111 0.3617666666666666 0.23457777777777777 0.2382111111111111
3 0.17885555555555555 0.28707777777777777 0.2538777777777778 0.19548888888888888
3 0.3075 0.14903333333333332 0.24895555555555557 0.19051111111111113
3 0.09781111111111111 0.6878777777777778 0.19561111111111112 0.25485555555555556
3 0.22996666666666665 0.4402444444444445 0.24053333333333332 0.2307
3 0.6532333333333333 0.5229222222222222 0.2292888888888889 0.2005222222222222
3 0.9026222222222222 0.7267666666666667 0.19475555555555557 0.19486666666666666
3 0.9292888888888889 0.4909222222222222 0.14142222222222223 0.2076111111111111