3 0.3990165441176471 0.35496323529411766 0.08001225490196079 0.15763888888888888
3 0.5218504901960784 0.46386029411764707 0.0867095588235294 0.14258578431372548
3 0.31324448529411764 0.38867238562091505 0.1167984068627451 0.13927287581699346
3 0.055625 0.7065931372549019 0.11014093137254902 0.2195547385620915
3 0.13772058823529412 0.7678676470588235 0.09050857843137255 0.11335375816993465
3 0.2339093137254902 0.6565196078431373 0.06229779411764706 0.12350081699346405
3 0.2878186274509804 0.8955718954248366 0.13334865196078433 0.1685947712418301
3 0.349546568627451 0.8700285947712418 0.06379289215686275 0.15427696078431374
3 0.42995404411764704 0.9372957516339869 0.11124693627450981 0.12540849673202614
3 0.5604503676470588 0.9347916666666666 0.06587009803921569 0.11631535947712418
3 0.673939950980392 0.8871895424836602 0.09370710784313725 0.1232312091503268
3 0.8264889705882352 0.6185253267973857 0.09243259803921568 0.17005718954248367
3 0.6707261029411765 0.5079901960784313 0.09034007352941177 0.1328063725490196
3 0.6328952205882353 0.6739011437908496 0.0728921568627451 0.2031903594771242
3 0.411577818627451 0.5897140522875817 0.062239583333333334 0.13285539215686276
3 0.05470588235294118 0.3999142156862745 0.1021783088235294 0.1658374183006536
3 0.6990594362745098 0.23115604575163398 0.10717830882352941 0.17962826797385623
3 0.5269025735294117 0.13104166666666667 0.11825980392156862 0.1673080065359477
3 0.7644607843137254 0.08158905228758169 0.06947916666666666 0.12560049019607844
3 0.7848345588235294 0.3359517973856209 0.05814031862745098 0.09102124183006535
3 0.8001501225490196 0.41870098039215686 0.052006740196078434 0.10537581699346404
3 0.9461090686274509 0.46201797385620913 0.0835110294117647 0.12665032679738564
3 0.9565257352941177 0.569281045751634 0.07983149509803922 0.1410171568627451
3 0.9611213235294117 0.8500040849673203 0.07064031862745097 0.1387377450980392
3 0.9728584558823529 0.297140522875817 0.05428615196078431 0.13594771241830067