3 0.3826171875 0.18008368200836822 0.12927734375 0.2569735006973501
3 0.289365234375 0.34750348675034864 0.102294921875 0.21987447698744772
3 0.217109375 0.4693444909344491 0.101015625 0.20320781032078103
3 0.12939453125 0.4544490934449093 0.1306640625 0.17343096234309624
3 0.13427734375 0.6393165969316597 0.133916015625 0.25027894002789397
3 0.234521484375 0.6418688981868899 0.113056640625 0.22284518828451882
3 0.298310546875 0.73163179916318 0.1625 0.22569037656903765
3 0.533955078125 0.8041701534170154 0.1259765625 0.24061366806136683
3 0.630947265625 0.9256206415620641 0.124638671875 0.1487726638772664
3 0.8990625 0.8523988842398884 0.201884765625 0.29521617852161786
3 0.656328125 0.6274755927475593 0.13634765625 0.31490934449093444
3 0.7669921875 0.6783821478382147 0.136318359375 0.2726220362622036
3 0.58896484375 0.4602649930264993 0.099267578125 0.18041841004184103
3 0.546806640625 0.42284518828451884 0.15494140625 0.2403765690376569
3 0.436318359375 0.31774058577405856 0.099970703125 0.19753138075313806
3 0.48318359375 0.11358437935843793 0.115576171875 0.18903765690376567
3 0.2846484375 0.08428172942817294 0.109130859375 0.158326359832636
3 0.244287109375 0.20425383542538353 0.10654296875 0.17514644351464434
3 0.14892578125 0.07404463040446305 0.0916015625 0.1192608089260809
3 0.070322265625 0.12613668061366806 0.1264453125 0.16765690376569037
3 0.7004296875 0.12613668061366806 0.123642578125 0.16765690376569037
3 0.61759765625 0.2570432357043236 0.117490234375 0.13656903765690376
3 0.80849609375 0.1589260808926081 0.079345703125 0.20998605299860532
3 0.87634765625 0.14729428172942818 0.10763671875 0.21463040446304044
3 0.95033203125 0.17217573221757324 0.099345703125 0.21324965132496515
3 0.804091796875 0.4937517433751743 0.119384765625 0.17299860529986053
3 0.95765625 0.4393444909344491 0.084697265625 0.24085076708507672
3 0.7865234375 0.30493723849372384 0.058193359375 0.1114923291492329