3 0.3361111111111111 0.7341388888888889 0.13531084656084658 0.2775462962962963
3 0.48655423280423277 0.7755925925925926 0.12534391534391534 0.2724722222222222
3 0.5596230158730159 0.5030462962962963 0.1061441798941799 0.250537037037037
3 0.657989417989418 0.6605 0.12099206349206348 0.2135925925925926
3 0.6545171957671958 0.9064814814814814 0.13058201058201058 0.18703703703703703
3 0.7487499999999999 0.7901759259259259 0.11402116402116402 0.25071296296296297
3 0.8533928571428571 0.852462962962963 0.10836640211640211 0.25955555555555554
3 0.942334656084656 0.7533518518518518 0.10767857142857143 0.2465277777777778
3 0.07441798941798941 0.5933425925925926 0.12976851851851853 0.2330185185185185
3 0.2336177248677249 0.6716296296296297 0.14195767195767195 0.30992592592592594
3 0.13525132275132276 0.3819351851851852 0.1403373015873016 0.18887037037037036
3 0.3528108465608466 0.4646018518518518 0.15216931216931218 0.2199537037037037
3 0.4888690476190476 0.5396296296296296 0.12335978835978836 0.24037962962962964
3 0.7947089947089947 0.5431018518518518 0.10673280423280423 0.2149074074074074
3 0.8848015873015873 0.547037037037037 0.11166005291005292 0.18110185185185185
3 0.9624338624338624 0.55375 0.07512566137566137 0.1899074074074074
3 0.5070568783068783 0.252037037037037 0.086984126984127 0.17443518518518517
3 0.6035978835978836 0.3986018518518519 0.10811507936507936 0.1481296296296296