3 0.35060625 0.41620999999999997 0.10030625 0.20361
3 0.08751875 0.47862 0.12663750000000001 0.18444
3 0.1511375 0.6150599999999999 0.11136875 0.17732
3 0.12001875000000001 0.76911 0.09163125000000001 0.15741
3 0.071275 0.7525 0.07915 0.12018999999999999
3 0.4260875 0.55025 0.14127499999999998 0.20768999999999999
3 0.44971249999999996 0.80212 0.13601875 0.20345
3 0.80803125 0.47482 0.11515625 0.18884
3 0.555325 0.33357 0.0967375 0.17997
3 0.35898125000000003 0.22974 0.06955625 0.11867
3 0.47308750000000005 0.15850999999999998 0.07926875 0.11704
3 0.21188125 0.29014999999999996 0.06785624999999999 0.1035
3 0.27161874999999996 0.63226 0.0723375 0.10771
3 0.29936875 0.7398899999999999 0.06282499999999999 0.10698
3 0.22388124999999998 0.83152 0.061849999999999995 0.10624
3 0.212375 0.9372 0.11884375 0.1256
3 0.3276125 0.87233 0.06431875 0.12387000000000001
3 0.8161562499999999 0.82012 0.09890625 0.16745
3 0.552825 0.60645 0.07974375 0.14011
3 0.49870624999999996 0.63387 0.0740125 0.19094
3 0.6348125 0.47641 0.06371875 0.11202
3 0.6656875 0.23873 0.0479625 0.08467
3 0.68380625 0.31856 0.05170625 0.08832
3 0.7691687500000001 0.18732 0.07492499999999999 0.09784000000000001
3 0.75591875 0.27375 0.07343125 0.1267
3 0.7012999999999999 0.55724 0.10669375 0.17769
3 0.9421375000000001 0.5160399999999999 0.10086875 0.19927
3 0.89151875 0.26615 0.08213749999999999 0.1355
3 0.050425000000000005 0.14891 0.10085625000000001 0.13303
3 0.12651875 0.060880000000000004 0.07463125 0.08496
3 0.12051875000000001 0.8991399999999999 0.07263125 0.13749
3 0.27799375000000004 0.4032 0.107575 0.16559000000000001
3 0.41859375 0.19293000000000002 0.0862875 0.12505
3 0.5332 0.1313 0.083 0.11381000000000001